40 2
31 23
3 15
3 80
41 54
43 92
42 82
77 62
67 8
24 25
27 27
83 48
82 84
69 52
29 26
27 84
X
24 56
77 92
67 79
16 56
21 10
22 39
50 70
33 48
53 16
42 2
88 78
6 1
18 53
25 32
38 11
76 55
43 33
28 52
18 54
52 82
39 0
54 53
44 53
24 17
9 72
10 92
9 12
96 22
54 17
40 87
18 0
13 56
66 33
24 33
76 81
47 87
49 64
23 71
4 85
36 36
12 37
44 22
56 41
49 69
78 58
78 28
82 3
75 13
17 90
47 88
25 92
77 55
98 24
64 71
31 20
68 3
33 88
88 95
1 94
55 60
91 23
74 10
55 68
33 91
21 71
87 57
9 15
80 24
4 78
69 9
75 71
8 78
50 59
57 98
64 28
14 84
56 59
7 12
57 32
7 8
60 84
35 9
3 72
51 6
75 45
X
14 63
11 87
39 70
60 73
45 78
65 61
23 16
7 91
38 65
40 24
4 34
0 77
89 32
37 81
60 0
21 52
52 8
76 21
64 84
1 14
28 40
32 90
89 6
49 68
0 66
89 75
25 21
95 48
25 3
91 35
83 49
65 86
26 31
4 42
94 35
20 80
17 78
11 15
89 8
38 34
37 45
57 87
66 31
13 96
78 36
40 55
42 61
83 79
28 70
86 64
6 70
74 19
10 19
21 82
5 85
9 55
96 81
9 83
80 46
35 73
36 70
84 14
9 23
6 77
93 53
9 45
0 72
17 3
3 96
57 95
X
23 92
58 96
5 58
84 25
69 8
86 70
X
56 57
50 76
4 5
65 83
7 29
1 85
75 80
48 8
84 13
22 72
8 39
80 5
74 98
47 56
78 9
83 73
38 17
43 90
66 94
75 61
63 30
51 9
48 88
68 11
58 10
63 67
80 20
53 79
18 20
10 74
1 53
42 66
57 53
29 8
71 51
6 61
78 29
57 63
14 4
38 84
62 30
81 14
84 6
68 39
62 23
91 36
6 36
13 71
42 57
6 86
71 49
24 71
83 69
48 70
98 48
96 14
75 86
98 95
61 94
92 27
44 61
27 47
48 37
44 14
11 53
97 58
18 95
22 67
93 2
88 34
69 59
59 27
45 46
79 45
15 42
77 84
37 84
16 68
46 89
61 69
92 56
26 60
2 77
15 20
82 16
35 56
54 18
92 30
95 0
31 37
83 56
80 4
73 76
4 9
6 25
75 31
13 62
37 50
11 90
70 81
30 74
38 47
22 73
46 7
61 55
14 78
44 8
20 94
20 67
43 47
72 24
81 28
38 13
59 68
58 40
16 5
58 25
44 69
69 7
74 31
7 25
66 27
55 71
23 96
66 86
48 87
25 24
77 54
61 23
87 51
94 21
50 85
48 52
78 3
70 91
50 80
81 31
7 68
10 91
20 35
34 89
76 36
9 33
79 64
X
27 79
12 83
33 74
25 34
26 82
58 60
64 26
6 4
25 18
92 23
66 88
29 48
40 67
95 95
25 17
42 92
54 27
75 24
98 74
44 41
35 94
60 3
5 12
82 35
73 49
82 78
15 88
41 41
57 2
27 30
6 13
8 95
35 81
37 60
71 37
25 46
49 75
81 73
8 17
80 63
76 89
48 30
4 37
35 45
26 20
86 80
34 28
55 33
82 38
21 7
42 16
93 12
16 79
43 15
75 37
7 94
73 46
27 45
22 7
22 62
30 5
87 95
48 19
81 92
47 43
40 16
26 9
57 4
54 31
87 15
87 6
90 52
42 15
95 6
8 31
53 52
22 32
46 76
17 13
50 87
50 71
51 69
57 13
6 72
95 81
6 59
36 56
71 97
3 74
98 66
59 54
53 7
69 6
59 87
72 94
69 64
45 22
79 16
0 9
44 57
30 18
87 8
6 89
1 90
13 97
58 69
37 93
80 13
22 2
54 32
9 18
45 79
95 98
53 50
75 8
98 86
10 57
5 68
83 3
13 53
74 29
54 14
47 85
69 62
92 66
33 7
77 44
77 87
7 39
5 11
90 75
91 62
28 48
76 16
23 26
51 63
5 88
19 78
81 89
65 56
57 10
20 39
27 69
46 38
62 69
85 13
93 28
46 71
41 23
65 70
85 55
23 80
66 93
85 86
95 71
46 17
21 57
98 89
55 94
98 18
13 82
5 27
15 15
59 63
49 91
53 60
93 41
79 71
28 77
82 51
51 72
78 20
22 47
44 94
46 42
7 53
26 62
35 42
22 80
64 38
46 1
89 26
43 39
91 66
11 29
41 90
4 77
1 45
24 70
60 26
44 78
86 14
44 33
11 60
25 38
72 70
79 83
26 68
69 26
42 77
54 69
44 81
82 54
14 83
84 8
65 23
59 56
77 63
94 74
94 89
76 84
38 90
5 69
68 81
22 96
78 84
13 22
80 76
57 28
65 10
81 22
34 48
14 33
90 12
28 13
61 81
43 7
72 10
73 70
35 40
22 85
28 66
78 19
82 0
97 93
19 18
84 69
61 91
53 73
63 66
73 5
3 83
19 96
69 21
37 11
93 56
40 57
18 64
84 81
70 68
75 0
72 8
16 93
29 34
92 60
4 83
29 56
97 70
77 31
29 21
13 98
5 21
66 17
12 39
81 58
28 71
74 50
84 17
43 66
92 2
87 2
37 86
11 64
24 41
X
63 1
94 23
59 81
91 13
78 90
87 71
60 48
27 81
24 28
16 42
42 84
71 72
36 65
35 79
45 35
7 52
59 62
43 71
81 24
7 74
65 73
21 77
45 29
96 75
22 10
34 58
23 81
40 11
52 63
30 50
76 1
70 22
38 20
98 13
63 56
96 95
55 89
91 85
50 17
43 6
39 15
51 42
20 30
65 7
95 41
85 7
14 25
82 21
20 10
35 37
0 55
16 3
95 63
7 26
18 68
4 95
55 22
42 86
20 56
79 46
49 49
70 30
58 16
52 44
43 38
7 15
19 89
72 74
57 68
3 49
5 2
57 6
41 24
82 69
57 24
89 35
22 64
81 90
58 2
79 0
2 70
37 90
44 91
66 62
26 54
3 17
49 46
79 86
82 76
41 5
15 37
66 32
80 59
51 59
97 96
61 72
49 20
70 83
13 76
22 98
11 74
62 28
52 25
76 44
44 26
8 2
9 2
50 13
67 29
56 24
61 39
78 93
70 58
60 67
79 82
68 72
85 84
61 27
10 61
33 49
82 88
81 72
3 52
64 65
41 62
54 47
21 15
41 42
X
3 22
59 77
87 64
45 7
1 18
13 13
18 91
93 83
78 18
80 48
37 21
14 73
72 52
56 92
22 94
58 3
11 23
58 90
13 9
64 93
6 41
90 66
23 22
86 98
40 47
86 10
84 50
52 35
18 26
12 72
48 71
52 58
87 82
85 11
80 26
18 88
5 41
95 44
60 23
48 95
48 14
40 84
77 76
32 1
42 13
X
98 14
85 78
73 30
64 48
8 83
91 55
22 18
74 35
20 8
44 5
81 93
55 67
53 26
67 76
93 40
43 88
66 80
45 91
7 71
65 93
95 23
75 78
76 42
81 50
91 6
84 16
52 39
66 96
50 47
61 90
4 13
23 59
70 71
19 22
70 4
37 0
50 41
28 28
2 60
23 39
50 61
84 35
79 72
59 22
32 28
37 67
72 71
74 59
5 52
8 55
20 25
90 58
97 69
38 18
7 17
53 56
56 26
17 70
8 98
16 17
97 85
49 52
13 21
80 44
51 21
75 53
45 56
56 5
72 60
7 60
30 34
75 76
3 54
5 37
51 75
16 91
54 89
41 17
84 51
11 42
52 41
56 81
52 65
16 16
85 29
66 25
35 26
62 74
90 13
67 71
97 26
41 13
72 9
6 75
37 53
56 49
89 33
27 89
24 11
76 60
45 15
92 63
49 44
66 91
9 35
4 17
45 1
29 85
86 60
22 81
54 41
53 27
52 19
3 89
14 54
40 89
95 69
63 53
87 70
74 9
23 25
50 75
1 11
8 88
8 56
14 81
3 24
33 25
67 40
31 0
24 43
1 0
72 26
78 92
27 13
90 32
1 87
4 64
45 89
98 88
57 82
23 74
77 79
96 78
34 23
33 65
59 95
56 95
28 3
84 36
27 68
46 41
68 60
12 12
77 50
77 68
63 8
43 57
15 62
7 59
12 67
60 68
68 89
33 36
81 0
26 85
73 94
15 19
92 4
89 42
7 50
66 8
4 27
55 47
29 66
89 94
35 95
6 35
72 64
73 80
54 62
80 55
59 24
67 7
4 93
34 47
15 80
48 67
89 36
72 38
74 2
81 21
4 44
97 37
98 2
82 46
87 40
6 49
33 47
10 97
90 31
70 97
14 96
50 64
53 84
68 55
27 2
66 48
71 92
65 66
57 85
48 97
X
94 36
20 78
48 20
60 61
21 55
81 74
39 65
45 41
30 91
90 35
33 20
19 91
55 25
75 55
2 13
69 37
29 2
69 67
42 59
7 22
64 81
14 8
13 81
42 3
51 40
75 6
34 24
73 50
33 67
28 34
11 83
39 52
27 67
29 76
15 28
62 61
70 7
38 36
39 6
74 71
15 25
31 21
55 31
35 31
6 2
11 62
30 46
2 35
89 22
51 2
44 68
37 58
70 73
97 47
89 14
77 61
27 77
8 28
5 38
68 38
3 88
3 25
42 68
55 83
71 9
82 7
56 61
25 35
76 62
87 13
46 59
10 40
31 8
87 14
47 40
60 37
79 13
56 56
2 87
82 95
39 86
87 32
79 7
7 88
76 73
X
41 43
16 52
85 75
26 49
94 0
19 67
43 34
37 61
21 45
58 47
32 70
36 24
44 67
93 74
4 16
52 20
73 88
98 41
41 59
47 96
78 94
49 72
4 2
83 25
39 43
82 82
91 42
45 5
84 4
59 88
75 44
64 63
47 54
91 93
69 40
26 88
3 86
71 63
14 60
44 35
85 6
34 15
14 79
98 11
22 74
58 14
45 62
56 32
37 78
91 24
49 60
44 59
29 74
7 54
95 61
68 21
73 97
83 0
15 90
14 35
91 58
91 52
53 86
66 21
11 20
41 82
28 4
23 68
38 30
74 23
6 56
12 58
78 13
62 26
89 0
75 49
64 41
42 43
21 97
98 30
21 53
54 92
60 6
60 92
42 69
49 92
92 94
61 25
24 78
17 79
5 9
22 53
46 61
21 62
80 85
82 94
55 51
71 46
85 70
38 75
48 57
12 23
10 77
39 85
55 27
5 89
73 0
8 43
56 4
72 20
81 47
44 30
89 63
57 84
54 10
7 16
35 70
16 18
37 95
23 4
94 68
46 56
91 86
16 89
59 84
29 33
35 68
65 29
97 44
83 19
1 88
55 1
72 0
47 95
91 91
38 74
45 93
89 57
34 17
14 47
59 33
23 55
96 77
19 93
41 94
44 46
15 74
86 24
76 57
55 86
66 70
36 17
41 36
59 61
35 21
98 16
89 76
76 0
82 40
72 12
88 57
35 84
74 40
68 37
82 85
60 47
59 59
52 46
14 15
29 18
59 82
16 80
57 52
74 93
43 21
16 12
40 56
24 42
93 39
50 6
56 38
57 5
51 53
70 74
65 91
22 75
5 26
37 16
98 84
14 68
17 64
64 76
88 0
34 72
35 48
28 16
97 9
5 49
63 47
79 49
35 87
38 95
57 31
62 38
58 73
11 13
44 18
16 41
23 34
57 75
98 33
63 93
96 2
37 80
9 10
61 80
69 56
62 67
68 52
28 69
87 93
35 29
96 44
10 24
47 45
28 30
84 28
32 20
82 89
52 95
59 48
63 9
16 77
92 64
4 65
35 88
60 33
62 12
58 9
13 46
50 39
27 42
23 24
44 87
89 65
30 54
67 43
26 64
44 34
54 79
45 90
48 33
80 14
32 46
83 98
35 47
17 92
84 37
52 4
74 95
64 29
96 62
37 19
43 91
2 54
24 76
49 94
64 24
57 3
65 30
97 36
47 32
64 7
45 0
67 59
0 51
63 98
32 21
62 89
44 24
15 39
7 65
63 2
46 43
9 79
41 85
12 98
88 49
61 78
65 51
38 62
27 31
40 96
86 46
50 3
64 9
59 85
26 89
35 8
51 89
86 11
88 91
54 16
17 42
39 95
70 55
56 48
75 7
74 32
81 7
72 34
0 56
12 70
47 9
73 53
55 20
93 3
11 82
89 96
58 64
93 54
82 57
95 75
82 58
48 54
94 30
52 89
83 14
21 60
41 19
9 69
3 97
58 67
75 94
93 5
12 56
54 74
38 26
34 56
14 5
98 9
3 5
32 59
49 50
15 82
17 9
77 35
62 75
48 81
14 93
75 77
30 55
2 48
X
1 29
18 82
38 53
76 54
85 22
88 32
22 66
53 95
29 29
96 63
28 23
29 19
74 94
65 9
26 10
46 39
77 80
38 41
12 89
60 74
46 8
47 91
66 98
14 71
53 23
78 67
36 47
6 54
70 36
88 54
20 57
13 17
22 31
54 57
37 13
13 37
60 64
84 95
85 67
14 24
27 32
34 45
39 59
6 14
54 61
27 46
64 86
78 1
45 16
72 61
65 63
82 24
59 78
61 9
97 53
68 82
87 36
17 71
87 33
26 22
29 67
73 44
20 63
22 46
74 20
84 22
62 71
33 35
79 68
28 18
10 90
39 76
83 17
91 77
53 58
20 32
81 75
16 76
48 64
30 68
55 24
76 12
33 69
9 77
18 11
5 14
89 77
97 71
25 43
63 58
15 49
35 57
55 43
21 27
43 19
85 92
65 19
81 83
32 60
3 67
66 5
6 29
72 39
82 93
74 51
54 49
44 79
34 81
23 33
40 85
51 22
7 89
22 91
24 38
98 1
31 28
79 38
43 17
86 13
95 49
79 19
50 22
10 26
89 81
8 85
69 66
7 96
74 41
74 82
67 93
77 70
47 67
54 76
57 9
8 36
11 18
4 1
57 61
82 55
2 61
77 10
29 3
17 48
57 42
96 9
15 12
4 6
7 49
68 31
27 23
41 37
49 96
30 56
38 64
63 40
96 53
21 85
73 62
9 58
17 59
90 91
69 63
29 96
16 55
95 58
79 23
28 47
77 78
41 81
15 60
19 68
13 20
69 3
25 85
54 56
84 32
23 69
82 65
55 52
68 79
98 96
37 47
59 18
37 94
72 31
37 89
44 77
4 90
65 5
13 84
29 57
81 19
16 2
3 71
57 25
51 47
75 93
46 55
32 87
25 7
9 39
83 4
9 3
45 77
53 93
41 87
80 9
70 62
27 43
95 53
50 51
2 33
52 30
5 31
15 8
92 74
58 46
14 59
95 93
50 5
6 55
17 97
82 68
12 2
17 95
86 32
12 65
39 30
19 52
89 90
32 13
70 37
18 8
66 82
54 29
2 52
69 92
30 10
48 75
21 59
42 67
11 76
82 80
61 24
6 64
82 53
73 29
98 12
36 41
47 92
88 51
80 2
93 55
32 78
22 61
5 60
98 7
70 52
63 55
95 94
34 43
71 29
54 36
31 82
50 50
2 94
92 0
49 54
2 27
23 65
21 34
97 40
48 32
8 3
76 90
33 71
45 26
21 19
42 96
45 66
15 40
77 38
X
2 81
83 87
43 74
10 15
52 62
47 46
53 15
25 59
73 26
13 26
1 81
31 38
49 28
48 24
40 20
80 57
12 35
X
X
32 51
50 77
97 90
1 56
35 93
77 93
62 55
48 53
2 72
30 22
51 76
32 16
39 74
25 67
66 59
36 63
5 67
76 4
8 5
10 12
35 86
76 65
43 85
67 52
36 16
9 93
62 56
73 83
94 64
32 24
82 70
86 81
6 33
X
42 79
1 55
64 8
19 9
12 10
37 17
67 53
97 4
5 42
34 20
66 81
69 97
63 85
23 13
40 13
2 45
25 5
91 94
57 94
41 70
68 76
44 17
30 93
17 12
67 60
3 58
78 45
68 90
39 9
54 7
31 75
42 74
10 13
70 98
4 47
88 11
3 19
41 95
34 35
4 30
21 91
26 15
66 90
48 55
50 52
61 59
40 3
27 1
52 38
82 47
88 82
57 39
11 55
X
21 25
64 44
18 18
86 5
81 30
40 88
43 10
92 72
64 2
6 39
11 2
40 6
67 80
15 57
33 46
95 56
26 5
8 84
77 48
56 43
98 44
68 54
91 40
85 30
69 36
17 68
89 92
38 79
35 72
73 4
79 56
32 15
58 11
52 53
27 40
97 22
76 80
39 64
97 50
85 38
30 17
49 2
30 33
68 43
44 84
89 55
35 20
3 28
87 9
70 38
17 10
97 51
96 41
96 10
0 58
36 20
5 84
54 4
60 69
56 8
12 22
65 96
37 48
24 30
58 76
63 64
79 88
40 1
34 27
12 68
6 58
84 66
46 50
24 37
26 77
65 92
78 52
75 70
74 62
50 66
52 23
61 62
37 68
40 40
42 17
4 32
71 94
22 19
88 42
28 61
90 59
16 49
76 50
96 23
11 21
68 94
84 20
76 98
89 50
16 86
89 16
6 76
43 89
29 1
52 33
88 93
15 70
51 55
18 7
66 75
68 75
30 31
67 17
44 92
82 50
86 65
71 95
45 59
66 30
50 18
19 15
37 15
27 6
12 33
94 4
82 56
26 23
95 1
51 56
89 74
93 37
46 9
40 73
38 43
65 81
71 54
X
30 80
43 95
90 42
51 91
15 59
47 58
67 84
62 62
41 60
8 25
46 96
36 19
56 27
48 91
69 57
1 86
96 39
16 51
21 79
86 6
86 88
22 65
89 64
45 98
39 5
76 22
73 10
25 19
21 44
5 71
88 94
11 63
81 78
50 37
11 39
4 21
12 94
46 31
25 56
28 60
92 28
80 31
9 38
96 76
7 86
96 28
19 33
7 19
64 42
38 8
21 66
89 23
55 10
49 47
23 29
58 97
38 7
55 2
69 73
59 4
48 49
90 97
50 60
85 39
29 32
31 55
12 60
31 18
35 41
68 78
18 6
29 9
80 86
77 81
70 72
97 87
54 28
96 64
72 45
73 38
87 34
16 4
80 88
27 4
33 34
73 51
X
90 1
90 18
43 80
34 52
70 89
47 66
93 42
46 44
24 92
83 90
26 61
48 6
88 80
8 48
75 50
7 83
10 23
55 36
3 57
30 60
17 8
80 25
97 62
22 68
88 84
2 80
21 20
23 56
11 57
26 40
82 90
79 31
89 71
82 91
93 63
65 84
30 77
73 96
32 63
2 82
50 19
69 28
0 94
18 56
22 35
50 74
94 72
90 41
63 28
60 57
21 1
53 42
18 57
24 61
66 41
83 74
17 57
38 82
23 1
73 77
88 4
24 45
98 61
43 11
32 89
14 86
37 83
49 16
45 80
20 40
96 1
74 38
24 57
24 18
57 47
92 86
68 17
67 75
23 3
12 34
86 44
91 33
14 48
46 49
85 54
8 6
89 24
84 21
39 19
44 25
7 23
81 1
22 6
42 65
70 42
95 32
48 11
18 15
85 42
8 67
20 46
88 64
20 45
7 32
3 98
44 36
61 35
6 88
25 6
74 60
40 45
89 13
55 84
24 34
61 15
14 14
26 39
6 28
35 91
69 96
35 65
58 95
75 82
78 68
94 6
38 70
85 5
67 2
78 65
37 56
43 86
71 36
15 6
4 52
82 39
36 92
9 20
79 11
20 44
63 94
25 81
25 27
71 58
78 78
13 15
79 93
7 33
10 45
78 85
91 25
10 39
33 68
63 41
96 92
95 92
6 45
56 34
81 18
26 98
28 46
23 82
37 98
52 3
69 79
98 21
79 9
67 5
25 28
8 53
68 83
53 64
12 18
5 15
7 55
17 35
26 34
83 60
39 35
79 63
14 66
40 48
61 64
94 61
32 23
54 91
16 11
76 59
29 52
56 15
63 43
89 25
20 75
19 43
66 18
93 29
40 17
93 30
15 26
5 40
52 61
88 44
20 51
39 96
25 89
60 90
24 60
4 68
83 77
10 73
8 45
65 71
35 15
4 40
64 57
90 38
64 43
83 63
95 57
11 11
95 36
89 58
8 29
3 45
51 57
69 81
10 87
57 38
91 19
54 84
78 54
53 22
48 76
88 66
64 95
6 97
43 30
48 46
4 48
41 49
17 51
90 20
44 55
40 14
98 70
39 58
93 68
29 36
76 77
12 53
44 29
24 91
56 78
32 82
62 66
55 15
38 49
6 6
14 38
14 36
47 73
62 40
2 23
50 38
72 2
65 6
81 97
75 58
34 80
77 49
43 54
80 3
60 89
85 18
92 19
47 29
33 42
77 73
41 89
34 34
20 13
85 76
34 86
20 64
34 63
39 22
83 70
38 28
96 91
70 67
2 50
94 90
0 93
49 35
30 79
7 40
68 4
10 69
3 38
24 97
23 8
76 14
36 31
37 62
61 92
70 21
91 56
54 44
9 44
14 80
97 54
41 46
55 34
3 76
30 78
87 66
53 90
82 8
52 7
61 8
71 81
46 80
32 77
45 44
39 36
20 4
54 97
43 61
28 27
41 7
2 92
86 33
36 61
22 54
50 40
25 42
59 15
22 1
3 11
9 40
10 76
4 88
13 25
33 93
18 12
7 64
54 19
73 63
55 87
7 41
67 73
51 10
81 11
6 9
84 94
70 96
10 1
60 16
93 88
76 56
83 10
95 83
12 61
13 78
51 70
91 46
63 6
11 73
43 78
69 46
21 69
49 93
53 54
57 26
20 22
94 2
45 60
88 15
71 76
40 37
36 71
10 34
78 60
51 65
54 52
93 35
5 98
79 34
87 23
86 19
24 74
27 87
73 82
19 72
92 36
12 84
70 50
83 82
47 82
14 94
12 87
65 88
47 89
44 27
36 85
14 12
71 24
86 62
38 83
83 20
22 21
49 65
84 87
78 44
45 94
39 88
57 96
4 96
53 57
49 58
88 16
63 10
90 39
55 38
61 49
30 41
13 4
26 55
65 55
54 72
X
39 16
13 19
69 51
70 35
56 79
14 65
17 98
28 79
71 89
87 42
5 56
39 23
17 50
65 32
86 29
78 38
16 7
7 48
14 57
34 74
81 95
10 33
40 83
97 19
87 20
13 38
15 93
60 60
18 45
65 40
73 87
46 35
14 87
92 16
10 71
81 46
15 52
38 87
20 3
29 6
44 32
60 41
15 94
41 58
13 34
98 91
30 8
25 23
70 45
7 63
55 41
15 17
48 15
36 68
68 30
X
49 23
19 13
23 70
84 73
52 49
85 9
1 77
48 72
64 85
5 53
14 2
93 20
66 36
59 72
41 15
94 15
23 60
50 86
53 21
17 81
72 88
0 13
75 65
3 85
2 34
83 81
3 55
9 14
29 28
14 70
94 32
95 85
6 27
45 17
34 59
79 55
36 83
58 94
8 77
48 7
63 46
27 29
25 37
63 92
25 86
97 68
52 57
31 19
62 6
82 97
41 69
9 6
72 85
35 74
78 32
80 79
7 98
18 21
66 23
24 27
30 75
71 80
69 98
29 80
62 65
20 2
47 71
33 33
9 59
87 45
34 62
83 93
12 54
64 60
96 71
12 48
49 30
9 66
53 51
X
49 3
21 46
93 80
45 92
18 40
47 51
75 36
52 96
2 88
53 85
43 75
61 70
97 64
76 64
16 66
78 55
64 1
14 29
67 89
3 23
85 43
29 73
71 35
95 79
66 61
17 24
86 9
85 98
14 72
54 39
57 40
23 50
47 15
85 33
22 55
41 47
73 1
25 82
4 72
7 95
78 4
48 79
79 30
80 91
67 31
82 10
14 76
44 75
54 6
68 12
63 26
96 33
74 3
31 22
3 77
76 67
94 58
6 11
9 51
85 74
81 98
8 76
9 90
71 78
X
22 40
8 51
55 7
90 5
50 90
7 18
37 97
47 19
98 69
14 13
29 77
39 29
7 76
29 39
33 92
30 2
16 40
93 59
50 43
72 57
92 59
63 57
35 22
4 53
37 64
49 90
47 49
85 65
45 50
27 8
38 96
58 39
36 80
97 80
20 82
34 7
0 14
77 46
6 24
96 20
6 3
67 38
32 80
3 68
7 38
35 71
31 63
42 87
54 87
0 82
44 62
90 50
51 52
26 67
74 25
9 56
13 64
71 93
31 17
93 62
92 3
98 10
46 91
77 22
45 14
70 93
49 41
57 54
73 20
53 11
33 72
40 39
16 54
5 13
13 83
63 23
58 86
14 27
25 60
23 32
97 65
98 82
90 16
95 12
18 55
30 81
51 35
1 73
50 81
84 34
87 29
39 73
12 11
68 50
20 77
35 75
81 10
31 35
19 14
76 18
91 30
26 11
45 68
83 32
74 56
32 92
58 6
30 67
77 32
59 17
67 50
56 58
72 3
85 81
7 77
79 66
6 51
38 32
28 7
46 11
19 34
17 1
90 62
15 85
75 75
60 70
73 32
54 48
83 8
61 66
47 34
54 94
3 84
9 76
88 17
42 90
74 61
92 31
10 14
14 61
2 10
5 70
38 97
70 5
20 21
21 93
1 98
26 97
58 77
60 62
72 53
88 27
92 42
59 28
49 63
54 20
91 73
37 76
40 59
78 95
67 61
4 89
34 50
14 62
16 70
10 46
83 34
49 71
76 63
8 81
25 76
7 28
80 97
72 29
X
97 39
86 94
8 26
62 35
4 35
72 86
43 35
41 11
63 71
28 43
55 11
11 19
51 39
30 57
51 38
5 5
46 77
22 93
18 89
23 79
93 51
96 40
1 35
8 86
54 40
65 50
44 65
27 62
65 12
8 70
64 58
12 21
52 45
51 48
26 70
87 91
37 31
7 79
84 2
35 77
32 50
66 89
72 28
12 29
86 86
59 55
60 17
46 28
34 22
60 88
54 24
2 69
95 80
53 37
57 76
55 70
65 28
56 62
49 97
23 28
29 79
5 1
4 25
94 5
35 85
12 62
12 14
32 40
74 33
42 1
31 36
37 37
93 71
77 86
94 62
11 70
61 93
25 4
25 57
8 66
15 33
33 60
30 53
57 60
24 44
32 38
19 58
8 13
74 16
15 38
37 51
2 25
59 7
0 96
41 18
45 54
74 70
89 80
52 16
17 15
65 98
94 9
70 26
64 75
56 72
11 30
5 44
89 69
24 15
59 76
49 81
33 23
20 38
30 52
64 18
15 3
26 87
7 30
88 52
77 66
35 60
94 31
22 4
70 3
79 89
26 53
72 50
33 43
2 18
24 32
66 42
65 57
3 81
36 33
29 72
16 59
5 32
10 47
87 31
12 75
91 14
32 18
43 32
64 55
91 53
17 56
54 25
88 81
92 14
15 11
85 31
38 6
49 45
98 35
10 49
4 20
51 41
88 7
61 75
66 22
40 42
50 27
73 14
52 64
47 39
53 49
65 42
19 53
73 52
21 74
7 56
51 74
17 22
29 71
58 63
59 74
36 57
20 60
2 12
14 55
26 90
8 35
22 11
44 47
89 1
19 23
34 91
49 21
98 42
37 14
64 19
54 95
16 60
75 28
88 70
34 78
33 50
15 22
32 66
79 24
65 72
71 0
92 13
28 32
53 4
50 68
94 16
61 1
44 70
51 17
85 56
84 38
18 1
23 31
98 57
5 47
93 67
66 73
78 87
69 30
3 51
2 63
34 19
70 64
38 92
8 46
21 47
33 29
20 24
33 32
53 66
8 7
40 32
70 94
23 38
83 24
64 37
58 61
97 8
58 75
49 53
1 30
64 10
5 91
71 79
19 21
5 86
3 73
56 54
49 62
25 31
23 93
33 15
2 73
16 50
16 48
15 84
83 89
15 9
49 88
55 77
16 96
24 77
13 94
44 89
14 58
66 3
90 68
61 54
68 16
27 22
10 65
25 80
21 41
52 17
63 65
86 23
27 9
79 3
7 46
70 27
0 11
50 92
65 44
30 19
69 39
X
67 54
46 15
3 69
42 85
51 81
39 78
82 6
66 47
45 28
41 65
94 25
76 2
9 47
69 2
73 27
79 37
39 92
51 95
33 52
7 87
51 18
26 69
86 8
92 45
33 86
64 39
74 1
57 59
93 33
79 54
5 28
86 7
71 73
14 16
22 43
13 92
90 30
11 9
92 39
49 85
90 37
79 28
16 88
78 89
6 43
12 27
28 73
54 45
82 42
54 59
55 76
77 20
7 75
14 75
24 87
7 5
76 38
41 84
26 26
20 97
12 77
55 28
39 72
81 26
42 47
69 44
54 2
71 43
45 86
1 67
53 44
79 44
93 94
18 13
54 70
63 72
87 74
9 96
8 34
35 89
23 19
67 48
47 55
69 47
98 85
70 57
5 63
75 16
28 8
81 23
53 40
30 23
43 60
47 21
16 1
72 69
35 17
55 40
66 58
28 41
75 54
91 1
55 44
11 65
62 24
12 85
25 49
91 95
69 1
66 6
11 12
4 29
62 59
87 50
75 38
29 89
62 15
36 69
45 67
62 80
87 86
74 96
38 86
43 48
81 2
74 17
77 64
11 98
10 72
4 24
96 15
58 32
2 38
13 7
6 95
82 23
33 14
62 8
40 22
53 63
17 4
79 90
56 93
56 71
12 44
42 49
20 71
23 18
72 67
93 15
23 5
33 59
56 82
33 62
33 89
27 53
19 12
6 65
45 42
19 17
52 15
52 10
50 57
62 27
40 49
4 12
2 91
73 23
6 87
88 18
41 20
83 59
15 98
61 17
48 39
8 14
54 3
63 80
26 59
32 88
79 29
13 55
47 81
94 56
72 59
88 50
59 67
76 20
55 78
48 3
1 43
7 67
10 66
65 53
92 51
64 25
12 8
96 50
55 58
78 63
58 93
21 8
9 26
36 78
24 86
48 2
44 7
77 34
74 37
34 69
74 75
82 2
51 24
58 45
4 60
12 64
30 87
88 65
27 5
27 65
66 65
56 60
34 57
22 38
26 79
70 54
4 84
31 79
78 46
49 19
62 70
14 37
2 98
94 7
95 55
32 75
66 9
75 98
69 20
30 44
10 3
80 33
46 88
9 11
16 22
10 54
11 25
45 31
16 61
45 85
23 64
66 29
83 97
1 44
83 5
7 35
8 18
26 13
38 77
5 6
10 94
45 51
42 60
28 51
76 83
44 20
3 1
41 50
2 32
15 68
13 11
5 95
25 70
22 63
74 24
69 50
38 76
30 6
38 78
59 70
55 14
92 85
22 48
62 76
65 58
94 69
97 0
95 62
56 21
40 5
7 20
55 61
39 91
93 60
33 63
48 48
58 53
58 37
21 3
85 44
30 51
19 24
34 71
37 49
12 15
51 3
24 54
3 53
85 79
59 80
62 60
92 41
73 42
50 12
24 3
8 15
74 0
96 0
30 40
52 40
2 68
43 3
27 33
79 47
69 65
77 43
53 67
14 34
35 59
66 43
31 90
18 90
75 81
57 71
5 35
44 49
32 37
95 9
56 88
13 91
97 83
4 54
26 42
12 97
19 7
50 45
91 96
89 68
27 70
70 49
82 33
89 40
83 75
28 25
74 6
79 81
9 80
56 14
8 89
73 79
44 63
0 46
74 91
43 24
61 71
53 2
77 71
75 17
90 56
40 18
56 11
1 65
59 3
48 63
15 54
68 91
72 40
82 75
17 89
79 2
14 90
91 67
65 4
85 41
16 29
7 51
69 94
4 43
47 76
32 32
84 52
41 9
26 29
13 45
5 3
69 93
10 20
98 64
76 15
18 93
49 37
72 65
10 18
97 81
70 92
2 58
49 8
0 52
94 86
34 77
X
65 39
23 11
60 81
24 23
58 83
88 8
98 53
18 74
84 88
26 24
31 48
27 86
32 47
74 30
18 22
22 60
96 19
35 0
49 13
46 66
10 62
33 70
78 50
14 74
32 86
86 63
86 35
36 44
30 35
37 29
2 90
36 23
94 10
47 30
58 59
89 31
57 74
98 25
60 18
40 52
36 91
19 56
69 60
13 88
43 68
77 83
47 31
91 39
62 92
91 65
20 83
52 24
66 95
37 18
14 11
48 36
73 18
59 35
31 81
60 40
44 40
66 63
96 86
X
55 62
58 84
90 44
81 60
44 13
66 87
37 35
62 90
26 21
67 10
43 87
16 21
85 28
19 54
87 94
75 62
86 43
74 4
70 12
81 8
34 13
40 35
74 78
32 25
20 52
70 28
29 78
26 37
51 71
75 74
41 21
11 97
87 56
34 32
21 35
2 47
43 36
12 71
84 59
26 74
56 65
52 50
78 53
44 88
1 66
94 53
77 28
91 5
92 35
1 76
77 58
26 25
78 86
19 41
44 39
17 60
6 81
79 69
47 69
18 73
61 0
54 88
35 78
91 27
91 45
96 74
87 87
75 29
39 31
45 58
71 60
55 12
62 50
47 10
43 29
89 12
7 92
19 8
77 41
49 22
15 16
65 34
40 19
62 64
63 78
79 4
71 65
32 94
49 39
96 70
15 76
51 73
80 50
52 90
19 16
1 52
35 18
32 0
24 21
15 61
41 39
9 19
68 96
76 41
24 35
34 39
55 72
55 98
29 98
93 38
22 15
1 92
24 22
50 56
73 21
21 40
28 81
16 71
34 31
26 44
3 10
57 72
9 36
93 73
80 32
37 26
95 42
11 75
63 18
0 81
11 35
57 7
89 18
69 48
1 51
45 61
56 47
5 29
90 77
16 14
30 66
44 66
86 56
68 63
35 32
58 72
47 24
58 74
36 15
46 16
21 65
72 42
89 15
40 75
39 77
4 67
94 39
84 56
22 52
60 39
36 11
40 7
80 71
98 8
92 55
65 38
58 68
76 30
84 98
28 5
74 5
63 27
0 60
80 23
57 92
85 72
67 58
25 69
79 58
38 22
25 40
10 41
70 65
20 65
48 78
84 85
44 76
8 64
98 29
2 57
48 47
6 74
75 85
55 16
66 46
11 43
30 14
10 88
X
21 56
44 80
76 75
5 7
35 13
45 21
2 76
8 74
96 80
72 75
86 78
20 17
45 47
87 19
54 85
73 19
72 68
6 47
94 13
58 91
40 33
9 21
67 87
19 81
8 94
57 27
41 27
92 20
51 92
21 14
68 93
56 86
93 16
97 20
83 9
73 74
86 38
39 83
7 66
98 49
84 39
73 7
67 62
29 65
88 24
58 34
93 76
88 14
90 86
7 61
55 63
61 2
39 28
83 6
30 45
10 63
94 76
86 34
82 79
39 18
50 58
2 19
21 68
25 12
4 15
25 91
20 53
69 74
67 21
46 62
54 37
41 45
48 73
95 40
72 37
54 43
37 27
60 54
48 94
80 58
29 44
89 41
28 20
32 79
16 33
89 78
71 42
42 39
54 5
7 14
24 29
45 11
98 79
74 79
66 60
15 95
12 66
8 27
50 88
25 47
71 50
35 58
57 78
90 25
24 20
37 43
25 83
26 14
93 90
19 82
32 91
15 87
1 9
43 13
8 72
43 67
12 78
53 41
73 85
26 81
51 58
1 93
52 77
92 12
48 34
21 31
74 54
2 28
82 52
47 94
88 35
18 51
56 90
36 27
98 94
57 41
63 19
82 98
12 92
92 38
24 80
34 33
20 92
70 61
71 26
17 72
63 37
15 89
17 58
8 23
86 36
31 45
54 23
48 82
35 7
15 21
89 93
81 91
76 34
93 13
62 83
56 22
9 48
3 34
3 93
71 8
20 81
56 12
71 56
79 22
14 39
42 6
56 2
45 30
15 35
66 2
87 92
95 59
90 43
61 61
39 34
86 73
8 79
96 83
79 41
36 14
91 68
20 15
40 79
44 9
42 80
88 3
73 78
41 77
93 89
91 21
21 54
37 52
6 96
96 84
46 58
54 80
49 61
64 66
47 57
49 78
67 94
63 16
88 45
89 91
0 12
85 53
94 45
7 82
46 12
97 1
46 46
54 12
98 67
3 63
71 71
8 8
21 76
17 80
73 33
74 27
31 68
47 86
83 78
15 58
33 95
90 40
85 23
68 53
12 95
45 81
58 81
6 23
5 22
74 85
91 7
87 54
94 60
82 81
82 13
66 53
66 54
36 28
65 31
22 33
96 27
75 10
94 82
90 14
95 82
47 77
48 89
8 11
70 41
80 10
65 60
23 98
22 76
4 33
19 65
37 57
22 97
62 29
8 80
28 86
16 90
25 22
60 72
7 47
39 27
27 73
81 68
12 0
82 66
34 49
4 97
74 89
90 96
58 92
19 88
52 48
59 60
24 12
63 17
38 55
45 53
52 22
54 15
32 35
0 86
80 21
71 91
25 88
23 61
84 10
58 31
58 15
24 39
96 21
28 21
24 9
77 30
87 1
95 33
38 91
14 17
58 41
33 80
26 84
81 6
22 5
59 2
56 0
31 80
22 71
17 73
76 91
32 42
38 23
73 2
46 20
37 30
32 19
52 54
57 93
97 42
97 94
66 72
48 93
59 46
50 69
49 7
63 48
83 2
88 25
20 74
51 80
17 27
29 51
44 10
20 28
11 17
45 83
28 75
84 40
75 79
80 67
92 62
72 32
93 64
83 28
60 1
93 92
36 74
34 21
69 61
19 77
59 45
80 64
46 45
8 19
78 72
13 50
42 20
75 63
11 28
23 20
45 25
81 44
26 8
42 44
34 51
74 83
91 57
4 11
72 58
3 9
30 94
8 16
11 41
10 29
27 76
73 81
64 91
68 62
87 63
3 90
75 22
45 39
97 21
68 40
81 53
81 67
2 96
16 97
45 71
12 30
97 32
73 55
24 93
60 28
52 75
22 41
70 47
96 13
28 19
11 34
42 9
74 36
48 92
5 59
38 60
13 47
98 3
11 14
37 6
80 70
20 23
64 12
12 59
98 40
17 11
30 97
77 59
98 4
72 56
43 64
23 44
29 40
31 29
46 94
86 85
8 21
22 29
35 76
38 42
64 90
84 92
88 86
95 31
41 63
56 39
75 64
40 95
48 18
6 32
32 39
18 29
57 65
55 48
65 64
72 46
87 30
34 70
29 46
67 25
19 59
15 79
3 92
96 30
0 63
34 0
21 42
13 39
61 57
85 40
40 90
54 42
12 49
10 35
68 95
56 55
96 24
53 87
97 41
18 2
80 36
17 41
30 32
23 53
59 65
21 11
72 73
16 69
17 33
43 79
36 87
62 10
21 63
15 69
6 7
40 0
17 65
X
X
79 91
59 57
52 83
5 17
16 35
12 79
97 55
45 76
74 43
57 88
61 28
84 62
34 60
74 97
21 92
64 17
43 9
18 44
95 86
4 23
62 91
20 95
97 27
3 87
28 59
75 56
48 42
49 33
48 58
53 76
40 15
80 89
77 85
18 63
59 25
20 29
34 79
21 95
94 12
87 53
26 45
21 13
51 68
68 22
62 39
34 82
41 83
54 73
15 97
71 57
80 0
41 2
94 54
37 25
33 94
45 20
70 13
63 91
83 16
91 22
13 35
77 53
22 14
79 79
32 48
12 74
22 16
9 32
90 92
24 55
53 68
23 45
2 89
40 69
4 19
49 66
7 93
19 44
35 28
38 25
6 50
81 80
76 88
97 79
34 37
71 44
44 6
78 2
17 61
11 84
X
1 47
36 66
75 59
27 10
82 12
5 78
92 57
77 14
97 95
84 63
61 46
16 24
61 60
12 28
80 60
74 80
48 80
30 9
68 77
75 87
64 77
68 88
88 67
95 38
59 26
36 51
17 23
84 24
48 59
35 36
49 82
5 25
56 98
69 58
41 1
4 70
80 8
50 33
30 83
96 68
90 64
72 25
29 24
20 69
36 39
79 62
90 93
37 63
65 59
90 95
55 57
81 79
46 53
84 77
11 36
69 29
43 31
32 65
81 94
14 77
17 55
84 89
0 21
98 80
26 43
68 84
3 29
36 55
36 26
32 36
88 87
11 89
12 36
32 97
27 3
8 52
93 21
61 74
28 44
12 47
55 69
48 96
64 62
54 0
57 83
74 39
96 47
25 90
75 25
22 20
25 50
53 13
29 47
52 76
6 12
80 28
51 60
17 77
27 57
65 80
83 57
13 63
60 2
38 14
74 88
91 84
83 80
73 8
3 95
44 38
1 15
75 89
42 25
69 32
85 37
49 38
46 79
23 40
92 82
86 21
11 37
80 94
93 23
78 17
35 83
48 66
22 56
70 48
29 43
37 44
0 67
24 83
54 78
76 76
21 78
66 45
83 65
28 9
16 84
94 93
98 32
11 71
84 67
90 21
9 22
96 93
23 76
83 46
25 66
61 40
76 51
71 10
95 26
70 6
52 81
67 78
19 5
92 81
19 45
1 13
52 47
56 84
9 87
3 40
55 45
15 55
80 11
12 24
40 68
56 45
69 70
84 64
25 77
45 12
64 47
95 89
47 22
47 64
98 92
70 59
23 42
73 39
58 55
74 55
36 25
90 34
25 93
47 79
72 54
83 62
12 63
57 45
33 27
33 39
55 13
92 69
75 1
83 21
13 24
43 69
33 55
1 10
38 57
57 11
58 38
85 63
53 82
86 45
42 38
18 98
9 68
51 20
6 10
63 49
65 52
94 38
92 68
10 59
23 78
62 79
55 93
86 87
63 54
91 18
72 43
22 58
21 58
4 80
92 33
16 65
33 79
32 14
43 8
48 86
39 1
26 35
9 65
7 6
19 60
82 22
10 43
9 81
27 44
35 23
51 5
85 19
6 48
5 94
25 39
93 6
94 80
X
67 44
56 23
27 48
18 43
71 33
67 98
69 71
60 77
59 91
8 68
7 70
73 22
90 53
29 90
8 44
43 16
0 47
28 15
42 42
24 89
84 76
91 54
82 17
15 50
4 63
69 41
84 72
49 18
66 85
62 41
98 47
90 72
41 3
82 19
97 13
65 46
51 30
26 86
29 83
85 24
76 92
96 94
94 14
23 23
69 49
82 5
6 20
53 62
44 82
43 73
87 11
37 46
11 94
66 51
9 16
0 22
58 18
29 30
89 5
47 14
77 12
9 86
77 40
44 56
20 18
79 8
89 51
12 13
6 8
85 83
74 18
76 72
90 84
30 84
21 30
47 93
83 12
47 13
1 46
9 71
30 89
43 77
20 66
14 9
7 9
56 83
10 89
19 79
94 11
81 36
58 43
31 34
72 33
53 97
32 55
93 82
75 88
12 40
89 56
78 61
90 83
67 24
90 67
97 63
23 91
22 45
29 31
28 67
81 57
39 80
96 85
13 41
57 91
58 65
75 32
57 64
71 55
34 68
39 62
19 76
18 9
53 19
12 69
50 23
89 44
70 70
98 54
80 49
90 33
59 23
60 80
80 56
55 92
6 5
46 14
69 95
57 56
33 85
23 95
32 71
44 31
77 4
5 19
77 3
24 67
65 75
57 14
73 24
55 73
26 80
91 70
6 34
74 46
69 35
34 64
96 42
31 56
17 25
76 40
9 34
71 31
78 24
22 79
59 37
64 5
15 51
80 12
90 82
29 41
86 20
2 14
55 26
50 30
36 82
79 96
37 7
5 16
78 81
88 56
18 41
58 62
9 50
4 0
71 2
11 27
80 7
79 95
30 36
13 73
14 92
10 28
84 18
36 60
91 75
36 84
31 60
67 82
19 11
43 22
23 41
23 30
67 23
61 88
86 52
51 64
14 49
82 1
4 87
94 19
36 81
33 82
93 7
64 64
81 55
6 69
69 25
X
78 69
70 90
66 84
64 6
43 81
15 47
9 97
40 50
91 50
0 45
95 97
45 34
46 40
59 89
67 92
46 75
27 7
79 40
7 78
38 21
37 33
90 45
67 32
85 85
53 38
19 92
81 56
71 30
24 90
50 46
95 96
87 96
90 85
31 41
68 71
50 49
55 53
78 12
35 25
17 19
28 1
96 72
85 82
27 12
97 24
27 20
97 82
86 2
3 91
33 24
66 76
57 69
57 55
35 66
93 77
34 55
3 16
48 68
40 53
78 34
0 10
35 69
54 82
12 20
51 23
30 1
66 71
84 7
46 5
35 50
85 62
24 49
14 21
98 22
19 95
91 97
11 16
15 83
64 45
78 21
91 15
24 4
94 79
36 79
53 39
78 23
98 93
34 76
37 12
48 40
49 4
47 8
26 75
59 64
77 77
45 19
21 64
27 11
65 82
37 82
96 59
22 78
86 76
56 91
65 43
16 9
11 26
57 62
10 98
11 85
97 25
80 29
15 48
63 84
65 89
61 38
18 52
15 0
71 74
51 77
93 4
18 72
7 27
55 23
15 75
62 36
35 51
26 58
37 79
22 92
19 19
92 96
48 90
33 28
42 75
59 83
91 83
X
29 82
51 85
64 94
53 24
1 24
71 96
10 82
27 49
43 82
92 15
84 23
81 16
3 70
13 60
9 70
91 43
2 55
95 25
36 7
0 70
86 30
85 17
25 48
79 21
22 23
6 79
22 17
14 50
93 57
9 9
32 62
47 41
78 83
35 14
15 14
64 40
54 50
82 15
94 81
46 10
16 53
79 36
48 38
29 25
73 31
38 51
72 27
50 29
83 7
88 22
88 13
79 39
8 9
92 21
32 74
73 34
X
65 11
5 83
12 4
16 73
63 70
24 73
53 25
26 3
75 92
67 16
41 44
54 60
10 60
95 5
84 12
23 21
86 31
11 40
46 34
38 89
57 21
71 12
5 96
1 58
17 28
39 10
55 21
74 81
73 58
26 27
76 86
0 53
52 72
92 5
6 19
5 50
77 90
29 45
95 3
16 0
6 68
96 29
21 4
64 27
13 54
37 65
10 27
46 30
48 65
97 72
95 43
73 45
39 63
96 51
96 3
78 59
43 63
84 86
5 8
68 92
83 18
55 55
37 70
37 42
15 24
8 42
36 42
10 2
84 74
5 48
65 33
41 68
43 56
57 43
8 10
12 41
81 34
85 59
26 83
0 20
X
X
95 28
2 51
15 92
20 16
95 27
1 59
28 14
56 63
95 90
71 13
96 56
46 60
46 29
72 14
23 57
45 45
19 74
25 75
41 0
24 68
56 85
48 74
31 70
35 80
90 23
98 0
27 15
58 33
78 70
56 73
21 23
11 46
78 64
56 36
95 46
60 76
75 73
13 72
84 68
36 48
57 67
86 77
54 93
51 54
11 45
3 6
86 82
11 58
73 75
52 74
94 29
90 98
4 81
3 60
23 43
2 66
84 84
47 65
27 61
74 34
10 86
13 58
13 36
46 95
11 68
88 36
9 78
81 77
71 75
47 53
51 33
28 22
96 31
74 48
47 33
20 43
34 67
71 82
51 19
24 46
48 13
89 98
62 78
60 75
83 91
96 25
8 71
87 73
41 8
15 78
53 77
90 94
23 54
37 1
17 74
25 41
1 63
91 71
21 67
86 55
71 77
91 60
80 66
79 50
39 14
45 10
24 13
41 76
6 16
10 85
23 94
26 18
2 9
31 33
67 95
14 85
42 12
63 81
38 85
93 14
90 57
62 16
45 27
38 81
47 63
68 26
49 36
53 46
82 26
82 77
53 36
8 82
68 44
76 49
46 65
87 83
71 28
89 20
40 44
25 58
1 95
60 25
47 97
19 70
49 17
37 34
81 12
79 73
16 13
59 47
21 39
42 23
85 64
69 89
76 17
53 6
33 37
51 27
82 67
89 97
92 34
8 92
96 54
44 28
93 72
94 78
80 15
67 30
49 27
15 7
83 39
30 21
52 79
47 11
86 74
72 63
62 47
39 93
89 17
47 18
60 83
24 31
18 3
61 63
64 98
89 45
X
52 59
18 96
59 36
62 81
10 36
22 8
58 52
23 58
72 55
37 85
43 93
34 38
91 31
68 28
86 40
90 15
57 46
77 29
61 67
9 82
53 91
47 61
13 10
45 36
33 31
4 66
45 75
58 71
63 42
8 4
32 81
87 24
97 66
71 14
7 21
12 82
73 17
50 8
77 60
50 53
91 12
25 54
80 96
6 15
74 7
75 60
85 8
41 79
61 83
65 18
75 23
93 31
15 1
44 19
83 66
53 78
32 26
61 84
19 66
54 64
25 11
81 69
25 55
59 52
48 41
38 63
40 76
79 1
28 45
80 78
20 79
63 83
25 62
82 9
31 97
17 26
18 17
6 66
77 9
34 46
46 47
22 9
57 29
33 21
84 75
98 63
83 35
16 57
65 76
46 37
26 38
7 36
79 65
49 87
79 70
81 54
74 74
0 76
68 49
66 74
0 48
9 41
77 42
62 77
28 76
22 57
12 96
73 9
32 34
39 48
73 72
78 66
36 29
94 73
13 8
96 69
18 16
40 51
87 67
18 92
92 54
80 87
29 22
35 82
53 20
53 47
4 59
63 3
52 92
10 10
80 61
46 51
33 45
74 58
0 65
83 22
25 98
74 84
3 33
11 92
32 6
0 87
23 15
95 15
84 3
48 23
87 37
29 84
64 11
10 11
88 96
91 72
24 69
35 38
47 62
75 43
63 15
95 24
95 91
21 9
43 83
78 30
19 64
19 42
73 54
20 20
44 16
70 82
26 52
73 73
72 21
72 36
45 88
71 61
87 90
2 56
61 56
76 25
14 20
87 12
73 61
24 19
43 20
42 83
54 54
11 49
41 40
36 46
12 42
76 35
54 71
28 33
83 33
83 85
84 61
66 52
72 48
88 31
86 79
8 75
97 56
38 94
82 92
85 91
38 73
6 71
65 94
69 38
72 22
51 43
64 78
14 97
65 45
50 54
47 80
13 95
7 97
90 71
49 5
63 77
48 27
48 44
12 88
95 54
6 38
88 26
91 59
17 75
34 11
11 66
15 2
55 29
15 72
26 32
51 78
38 59
0 57
25 44
3 7
19 46
34 14
78 16
5 64
48 28
56 25
83 64
20 1
47 23
56 3
2 97
23 84
28 53
4 86
38 61
97 10
3 50
57 37
49 34
39 84
6 80
77 75
30 82
4 38
43 18
50 36
79 57
45 13
48 35
32 22
72 96
15 18
92 6
45 87
81 71
53 92
53 75
65 47
43 25
62 31
69 80
51 79
64 56
68 29
49 76
98 65
80 95
49 80
29 5
56 1
30 29
21 70
84 47
1 70
69 31
54 77
49 11
4 45
55 50
42 70
39 89
18 58
21 73
45 52
48 51
13 44
30 42
86 15
40 34
69 82
63 44
89 38
53 0
16 58
96 38
13 27
80 68
95 37
32 98
53 1
90 24
88 55
97 2
72 76
38 19
80 82
37 55
23 36
11 67
6 30
64 3
78 47
18 42
59 75
3 94
58 56
63 29
76 29
42 21
52 29
0 97
52 9
97 33
48 17
85 50
72 1
68 23
58 23
87 81
50 55
49 89
59 10
67 83
31 40
6 44
88 63
68 70
5 34
83 13
43 58
46 52
90 60
89 46
96 43
96 55
22 77
91 38
29 91
24 98
20 59
22 22
88 98
87 88
7 85
42 76
33 19
77 98
42 56
65 37
81 49
73 89
98 87
42 11
56 44
3 59
45 95
42 62
4 7
1 60
87 22
49 24
59 94
67 72
50 96
32 49
74 86
84 9
45 55
4 82
58 24
48 21
76 94
39 54
9 57
5 4
17 2
25 20
97 86
53 43
86 4
4 56
34 26
96 90
73 56
14 64
76 85
78 96
54 13
72 4
29 20
75 35
11 88
36 76
97 45
50 4
79 17
72 93
69 17
34 92
55 80
74 72
79 32
19 35
41 88
20 11
89 43
3 35
42 58
51 8
31 50
64 80
96 96
77 16
88 71
85 73
41 22
36 40
6 52
51 7
57 80
97 23
24 40
3 56
14 56
54 11
72 13
53 89
36 77
41 74
92 93
44 15
59 39
97 46
22 34
6 53
57 79
60 59
19 40
42 81
3 66
76 70
65 95
50 42
57 22
93 22
71 27
96 37
46 13
26 33
52 78
50 28
27 59
46 82
58 66
52 80
77 52
95 74
66 50
34 18
2 11
26 66
77 36
66 20
81 33
24 72
73 37
63 61
1 23
54 46
66 26
31 89
11 48
1 12
19 55
4 26
42 14
71 38
71 64
31 87
93 81
2 67
60 27
43 55
92 67
37 59
1 69
15 13
21 87
48 22
12 17
30 16
85 77
60 35
54 51
47 50
14 10
8 97
18 10
16 64
63 86
8 87
78 8
78 71
69 4
61 41
70 10
74 57
2 65
89 49
42 45
6 67
44 0
55 90
23 73
63 24
44 83
91 0
49 15
78 56
68 10
25 25
89 52
10 64
56 89
25 61
98 34
38 52
82 87
39 66
43 72
37 91
97 38
97 12
36 95
13 12
56 51
70 9
9 95
21 61
44 42
10 42
44 21
38 50
19 90
18 14
40 82
88 92
2 53
8 37
82 49
26 50
97 3
39 25
71 53
43 5
47 17
72 44
83 23
28 26
21 12
89 83
29 10
89 37
79 33
81 20
73 13
96 82
73 60
2 1
46 32
98 38
43 14
40 38
78 37
49 56
11 10
53 48
20 7
73 36
13 49
76 79
49 42
7 72
35 67
39 32
24 50
10 44
6 22
38 71
21 24
45 32
56 28
31 67
14 52
83 50
47 16
43 23
16 47
20 54
14 91
18 34
46 4
11 1
39 75
71 59
25 45
10 16
40 36
19 6
10 55
81 45
46 19
58 79
30 47
29 0
37 41
68 48
88 90
95 29
43 2
44 71
40 41
73 98
78 22
9 98
50 73
50 20
22 12
49 70
25 78
63 52
59 11
68 56
49 79
85 10
93 11
66 64
3 18
62 17
18 81
48 12
77 37
34 40
83 96
16 25
53 96
55 4
77 1
47 38
23 12
53 81
75 57
67 47
53 5
45 8
13 48
38 16
46 3
4 61
50 2
41 73
85 60
98 39
43 65
44 11
36 89
78 91
26 47
67 88
41 12
80 34
59 69
21 16
23 52
35 11
49 74
84 80
93 24
14 82
45 96
62 57
79 78
68 47
77 2
22 70
38 80
6 60
17 69
49 55
88 6
82 18
95 10
31 47
66 92
88 46
68 25
81 9
41 93
20 96
27 80
70 14
47 44
24 58
14 26
66 55
37 96
31 66
13 28
4 31
64 89
94 28
78 80
10 56
68 41
82 96
28 85
20 19
81 13
52 34
44 95
36 22
18 60
47 1
49 40
67 3
30 25
27 85
39 2
80 69
91 82
49 77
52 98
84 82
28 31
79 60
94 33
24 16
77 65
6 83
36 21
59 93
45 33
53 53
29 49
97 49
6 46
85 32
5 45
50 21
90 54
88 89
83 29
33 51
77 33
89 82
25 26
32 85
81 17
42 50
51 29
14 3
7 11
97 7
57 86
62 72
63 12
10 25
6 82
57 44
59 90
23 83
31 31
36 37
58 98
87 77
94 34
55 49
16 15
36 32
39 67
46 93
25 29
74 49
27 28
16 19
70 23
92 73
46 63
76 19
41 78
17 34
42 93
49 29
55 39
81 84
28 29
70 56
54 26
86 12
18 79
57 12
89 28
47 42
30 0
97 48
79 20
88 77
84 91
19 83
66 44
43 96
38 48
5 65
70 43
6 78
73 71
74 63
91 74
78 10
20 76
36 93
43 49
3 39
39 49
2 64
59 6
7 3
92 37
47 72
94 91
92 40
25 52
13 74
47 48
83 47
12 55
58 22
40 10
72 18
54 22
93 79
83 83
15 56
19 10
66 10
36 43
9 84
97 84
35 46
60 22
21 98
66 7
27 75
94 3
2 26
56 7
31 16
14 53
49 67
34 25
91 41
3 31
22 87
87 17
42 88
70 29
47 12
61 48
47 20
62 49
31 42
19 51
45 48
41 6
71 47
9 43
73 57
19 25
1 82
59 73
93 36
54 75
73 25
32 45
18 25
1 91
45 49
6 37
29 35
26 6
15 66
17 29
13 75
68 87
88 23
16 26
50 34
81 3
47 35
87 4
95 11
75 48
86 22
93 32
9 85
42 18
42 19
88 12
67 91
60 91
60 24
88 43
8 32
77 15
97 34
60 82
38 66
43 50
24 24
9 54
91 26
4 28
89 54
28 10
72 95
46 36
94 43
12 19
39 55
31 3
31 46
61 76
55 54
35 64
75 52
31 74
17 88
45 63
9 91
15 63
47 98
83 92
53 3
92 53
97 17
9 64
1 96
69 54
94 20
4 22
89 67
69 5
61 37
74 77
36 38
41 56
46 78
34 87
74 45
7 58
9 92
61 10
54 96
66 56
87 41
38 46
50 82
48 29
49 86
20 9
41 55
50 63
8 20
38 12
55 59
65 74
50 11
69 23
4 39
52 42
72 51
3 64
24 52
53 83
45 18
5 0
11 93
33 22
19 69
39 56
10 70
87 76
18 80
80 77
75 40
5 82
7 81
37 22
8 90
67 4
32 64
15 4
49 73
10 9
7 1
68 61
63 79
13 18
7 90
87 84
77 72
57 77
89 39
41 14
15 65
95 68
62 11
25 72
25 68
25 87
12 45
67 51
3 26
89 84
32 93
84 60
83 84
4 58
4 55
95 88
18 35
12 90
59 16
63 31
28 62
25 36
82 83
17 66
80 98
58 42
87 5
36 67
55 75
13 85
84 19
63 36
12 76
44 93
56 6
42 48
26 4
52 2
72 19
38 35
12 16
16 34
59 53
98 26
24 82
37 23
91 37
28 64
5 18
70 66
81 29
90 36
95 76
10 8
2 24
28 2
5 43
47 78
52 85
98 46
76 43
67 46
10 75
47 37
32 67
92 43
94 22
95 4
91 51
17 18
56 46
98 15
50 65
12 86
33 81
57 81
53 72
42 94
46 92
48 16
9 42
7 37
59 29
37 20
84 33
33 78
66 57
16 10
70 24
38 44
87 98
33 75
65 41
17 93
31 6
47 36
74 76
47 47
37 28
38 29
58 78
93 70
81 87
18 78
6 63
92 88
82 34
16 28
7 13
39 61
42 91
23 27
53 12
46 81
96 46
72 30
64 46
72 35
75 9
90 55
61 16
41 26
39 46
68 51
97 15
39 50
14 95
50 35
39 26
65 54
78 88
14 28
60 63
62 48
36 64
77 88
24 81
27 52
76 61
50 78
23 97
42 89
60 55
13 93
4 10
56 80
36 94
46 48
88 68
42 22
4 4
48 69
69 24
8 63
7 84
10 58
77 94
11 47
8 22
18 33
66 39
8 65
92 7
15 41
86 59
24 85
62 37
86 61
95 13
26 48
85 66
28 12
31 98
56 53
90 69
20 34
87 18
84 83
35 27
66 4
2 29
83 1
87 78
15 86
60 78
16 8
71 25
71 48
59 86
49 59
46 87
96 65
87 79
64 61
55 0
28 17
18 97
82 86
12 73
84 5
17 52
78 11
19 20
28 84
85 36
24 48
39 38
4 41
93 93
34 85
87 55
98 43
73 3
9 94
20 98
79 85
51 61
79 94
16 6
60 36
30 69
47 27
76 13
70 60
16 74
63 82
4 74
33 13
81 88
30 48
49 51
8 38
81 70
38 93
85 68
87 16
98 62
60 66
5 93
90 22
42 37
50 89
52 5
51 96
27 66
13 29
1 57
55 91
93 43
35 43
92 89
93 66
69 91
50 24
92 95
83 68
55 6
88 33
5 39
43 84
84 29
92 91
30 85
78 75
98 17
12 43
94 63
39 79
40 46
53 69
62 7
46 54
6 93
39 33
89 66
95 2
91 69
90 61
30 90
79 92
30 20
51 90
32 17
40 86
37 73
1 61
16 98
56 20
25 33
83 88
20 93
3 21
62 94
70 63
0 73
94 24
82 14
10 83
43 76
16 78
37 32
32 29
39 20
36 58
67 37
24 88
56 68
85 61
16 95
32 54
72 49
75 34
26 36
93 34
63 45
26 91
35 24
56 67
12 93
53 14
31 1
38 67
41 91
79 12
59 79
2 83
89 34
73 93
44 1
22 59
0 59
41 96
88 58
69 78
72 87
9 49
95 87
21 96
34 36
57 20
28 68
15 5
71 1
26 30
89 70
67 42
8 54
91 76
41 66
25 97
62 46
61 11
65 87
20 33
89 85
12 91
51 62
9 17
38 56
79 67
72 7
10 48
84 70
38 27
31 69
94 57
30 24
98 45
66 28
48 62
87 28
23 6
24 47
67 96
71 90
40 74
39 87
67 9
23 77
10 22
44 97
97 91
82 32
90 74
29 55
55 56
36 0
2 30
9 46
2 46
35 33
57 57
26 46
58 17
61 73
12 9
12 38
40 78
29 23
66 24
61 52
13 70
11 24
21 33
62 73
9 37
17 49
30 28
39 60
21 43
21 38
5 30
95 30
41 35
39 37
19 75
68 32
39 71
95 45
63 11
0 64
9 8
88 88
80 90
80 75
16 27
76 58
78 33
92 44
98 81
32 33
21 22
96 48
4 73
94 94
23 17
43 70
39 47
84 57
30 4
X
51 49
66 19
41 86
50 91
89 86
53 29
79 59
56 10
39 39
85 34
64 82
87 0
3 82
74 73
5 66
59 41
38 45
26 7
X
28 80
74 64
77 51
X
54 21
X
X
X
X
X
X
69 83
76 71
28 50
13 40
76 78
95 64
X
X
X
77 47
1 68
X
X
82 74
26 73
87 7
X
X
X
35 49
79 87
X
96 57
X
X
8 96
X
84 78
74 87
17 17
X
30 26
X
32 41
X
38 1
0 68
63 7
93 27
X
X
17 96
32 2
X
18 19
61 47
81 86
40 60
66 66
14 69
74 21
X
15 71
X
X
12 46
73 16
X
X
94 77
X
57 33
35 19
13 59
10 32
67 45
56 9
X
58 26
X
X
40 25
X
X
X
X
59 66
39 82
X
44 90
52 51
31 39
83 26
93 91
4 94
X
X
67 74
75 21
X
X
X
25 84
X
X
X
27 90
17 5
X
75 72
77 67
X
83 61
86 54
X
X
X
57 34
X
77 56
78 79
27 41
X
43 59
79 61
X
X
87 44
X
74 8
X
83 40
96 26
26 76
26 28
62 51
38 68
66 83
X
55 32
47 70
X
X
33 87
55 82
X
X
X
X
X
29 97
33 18
82 31
X
37 66
X
20 72
X
41 75
X
X
X
X
X
28 74
4 49
67 22
18 62
5 97
17 40
X
28 78
X
13 23
70 95
5 87
64 72
77 89
96 45
X
76 66
X
77 69
X
39 44
94 83
X
85 80
X
X
X
60 71
X
97 92
53 80
46 18
27 98
X
23 72
94 59
33 11
22 13
47 60
X
X
X
X
61 36
38 31
X
60 85
72 89
X
76 93
3 30
21 17
52 21
X
X
80 65
X
32 31
73 86
X
X
76 87
X
68 80
X
67 57
76 28
X
54 83
59 92
0 98
78 82
27 14
X
X
29 50
X
X
X
38 33
X
50 62
28 49
X
X
8 40
11 8
X
X
30 15
8 91
34 65
X
11 86
X
65 49
X
21 2
X
70 46
X
18 71
18 75
49 12
X
13 77
X
4 51
X
79 5
X
53 61
60 29
56 42
45 24
X
3 32
23 2
X
X
X
X
98 51
31 86
50 67
9 25
X
85 35
X
36 52
22 42
66 34
52 6
38 58
X
X
X
29 42
64 49
X
X
X
23 90
18 59
X
26 41
61 65
29 37
41 67
X
87 43
14 19
95 39
X
65 17
77 91
30 30
X
15 27
X
X
42 5
20 42
91 92
X
29 4
X
94 55
56 87
95 77
41 10
94 92
X
X
98 71
X
X
X
90 70
24 53
X
59 71
X
27 39
51 50
X
48 45
92 92
X
94 44
63 38
33 38
X
X
68 42
44 60
98 78
17 14
77 45
X
X
55 19
10 84
X
86 83
73 35
42 7
X
X
8 50
57 90
22 95
11 54
26 12
1 19
X
69 72
X
96 36
X
31 26
X
75 91
X
77 17
X
4 71
11 61
70 31
X
X
11 91
36 49
X
X
86 3
X
87 49
X
X
5 33
19 57
X
X
14 7
64 59
X
87 35
X
39 68
X
20 41
44 37
X
83 86
X
61 29
X
58 85
X
83 38
20 73
48 56
62 88
73 43
15 10
X
50 7
58 80
X
13 61
8 30
X
48 85
X
53 45
37 36
51 34
8 47
5 10
70 32
X
47 7
35 62
56 31
11 69
X
28 91
52 91
80 54
42 10
71 52
X
89 53
X
X
X
X
X
X
96 49
74 22
X
X
20 70
X
36 73
88 41
17 91
95 14
35 10
X
2 59
13 87
28 57
30 37
58 54
X
90 46
12 7
7 4
19 80
94 70
X
86 18
X
39 45
X
67 63
53 59
X
X
17 20
X
X
X
X
35 39
39 57
X
X
0 50
84 65
47 28
95 78
46 21
X
61 89
82 73
X
23 35
59 40
31 94
X
50 72
88 83
36 86
74 92
87 52
X
1 72
X
81 96
33 64
21 29
X
2 86
63 76
X
X
40 77
X
X
13 86
84 79
X
X
X
X
X
27 64
X
88 5
43 1
X
7 2
97 59
98 31
X
X
53 74
72 47
20 14
62 25
73 95
X
X
13 14
X
X
10 67
X
90 0
70 44
51 4
28 42
X
90 51
X
X
94 46
35 63
71 34
36 50
27 74
51 51
66 40
X
56 69
97 43
10 21
53 28
75 46
69 53
33 66
91 98
61 77
18 27
28 72
X
15 64
98 68
X
X
78 15
41 57
61 85
67 55
57 51
X
31 57
78 14
67 26
58 7
X
1 97
92 70
X
X
4 69
42 24
47 52
X
30 39
X
44 50
83 67
X
81 66
33 17
X
64 96
21 21
52 73
X
43 37
57 73
15 34
X
20 27
X
68 98
91 63
31 93
25 30
X
54 1
X
0 69
X
23 47
20 58
15 77
X
1 48
X
71 7
69 55
X
30 43
0 95
X
36 45
X
65 90
70 8
X
X
X
6 84
X
39 17
X
24 59
X
X
X
87 38
54 58
29 68
X
17 16
26 78
27 91
67 70
77 24
87 80
90 65
30 98
X
X
97 67
X
X
X
X
X
21 94
28 58
80 22
X
X
42 63
X
X
X
77 21
34 95
X
71 70
60 53
29 81
80 92
15 53
80 1
22 30
85 25
31 2
X
X
96 89
X
X
X
X
24 84
59 38
X
96 32
X
52 60
X
X
X
48 50
X
53 18
X
X
X
13 79
X
69 68
63 35
5 90
77 13
X
X
75 51
54 38
55 85
X
X
X
65 8
75 30
23 75
53 65
19 71
51 25
52 18
56 94
13 33
85 52
X
80 45
X
38 37
91 20
23 37
X
78 35
X
82 48
33 26
46 33
10 37
41 48
X
X
1 27
44 48
X
X
X
76 23
65 62
X
37 92
53 17
X
5 20
3 12
8 12
X
55 88
X
55 5
X
43 53
X
34 88
98 50
X
90 76
X
27 82
15 96
83 95
82 20
X
X
X
37 77
7 80
X
X
X
12 1
67 77
X
73 59
X
X
40 12
6 90
X
8 41
36 88
56 29
67 41
27 83
27 21
X
X
X
37 87
X
48 60
87 46
60 86
49 14
X
91 34
X
X
18 28
X
X
X
X
39 53
17 54
95 65
6 94
X
16 81
20 55
12 25
X
15 91
90 17
93 69
6 21
85 20
X
47 59
43 94
24 75
X
X
11 33
39 97
88 28
X
10 68
X
X
X
88 2
41 92
84 1
25 53
72 72
X
65 48
X
X
X
X
X
87 3
X
38 0
X
X
39 11
58 57
8 49
4 50
69 90
55 79
50 48
X
X
44 58
31 25
X
X
29 75
X
X
97 57
X
X
X
39 51
X
68 24
40 9
X
X
X
X
X
89 62
X
95 47
X
X
7 7
X
X
75 33
X
88 53
X
44 96
81 25
X
X
5 55
2 49
X
56 33
61 26
X
86 41
18 5
5 51
13 16
21 28
16 92
4 3
X
11 59
36 72
46 64
62 93
87 85
60 56
X
44 54
X
X
36 30
66 37
24 95
14 88
58 21
31 92
19 73
5 74
X
27 34
10 93
X
X
80 93
6 40
X
79 75
8 93
X
X
X
X
X
X
X
54 63
X
17 7
2 0
18 65
X
X
X
91 16
7 10
35 92
92 22
54 90
80 30
11 22
24 26
8 57
X
6 98
X
X
95 70
X
X
X
X
X
X
X
X
X
27 60
9 60
X
X
65 65
90 26
X
30 86
56 52
6 85
21 72
X
X
X
X
X
X
86 53
X
X
76 53
X
62 9
4 76
X
34 41
X
85 51
59 96
X
41 38
55 46
X
X
40 23
79 10
X
74 53
5 61
10 17
X
X
6 26
79 14
65 69
70 20
X
63 25
67 81
48 31
X
78 31
X
X
52 56
X
X
X
81 48
93 78
61 53
X
81 85
13 89
X
83 94
52 52
X
X
91 44
96 11
36 62
X
X
45 37
X
91 4
X
1 64
X
58 4
79 84
70 80
X
X
X
17 84
X
82 25
X
24 94
X
X
94 37
X
X
94 27
69 22
23 7
3 27
X
X
X
X
90 63
22 44
X
X
X
9 67
X
24 36
X
39 90
X
X
X
X
X
76 24
39 21
X
71 32
42 78
20 62
X
45 43
X
11 72
27 78
X
X
45 40
X
X
X
24 6
X
32 3
X
17 6
54 86
X
X
48 77
X
14 18
22 69
42 95
67 39
43 62
X
47 6
86 37
45 82
57 23
28 83
X
63 75
80 47
X
31 71
0 15
X
X
43 28
X
X
42 36
50 79
X
X
X
X
27 58
51 86
11 56
X
31 32
6 42
79 15
X
X
85 16
12 6
86 42
X
X
X
49 57
