73 185
53 180
76 34
96 164
117 25
155 53
152 86
155 82
22 87
84 99
155 101
124 86
139 74
58 140
X
154 101
104 174
80 46
32 63
31 5
167 4
17 51
125 77
190 102
11 84
5 191
75 138
34 66
3 21
31 123
21 155
30 75
65 46
67 160
44 163
30 190
34 188
7 113
16 152
130 159
28 79
135 11
33 186
69 71
131 55
7 30
140 164
16 178
88 149
168 75
130 24
85 154
125 183
70 125
165 88
108 125
152 49
56 68
50 171
X
111 149
49 163
148 64
16 91
69 3
40 164
128 84
90 147
8 102
X
163 152
X
195 59
161 15
28 47
105 154
98 149
120 67
61 156
121 80
119 27
137 156
36 50
X
175 6
55 173
30 193
137 96
180 117
X
20 33
177 94
74 34
38 37
138 169
173 6
78 105
55 108
50 151
55 146
141 173
187 141
135 144
59 155
87 93
5 171
53 36
43 62
X
14 119
11 9
55 104
190 195
56 3
41 125
178 169
152 137
123 162
66 74
188 14
12 176
177 27
12 141
25 139
143 80
172 162
92 41
13 74
120 121
34 194
141 163
172 27
93 79
147 36
21 152
34 190
61 176
178 172
30 170
51 78
182 186
196 97
102 97
175 105
49 86
90 183
163 109
53 70
38 175
16 68
38 65
148 158
11 76
74 100
188 36
188 100
177 109
52 27
146 130
158 20
79 46
127 176
9 88
45 133
48 156
194 180
91 154
8 59
111 31
192 170
163 95
166 152
190 116
9 2
55 33
80 14
20 148
77 100
6 146
57 73
138 41
146 52
77 51
65 16
179 59
55 187
6 130
98 53
87 97
140 45
52 24
99 100
53 137
155 176
13 45
130 180
117 11
38 91
5 71
133 105
108 34
188 12
193 82
155 195
70 60
164 118
142 197
114 86
162 21
X
148 131
83 74
39 70
52 167
26 114
35 105
160 169
88 168
169 141
72 67
64 72
91 131
38 28
34 138
38 69
158 107
125 119
189 130
X
20 124
120 10
168 132
24 12
160 36
165 2
50 125
33 125
13 10
32 187
6 48
13 40
79 2
57 192
165 158
161 29
66 177
149 64
1 163
63 155
X
64 180
159 194
138 45
X
155 191
179 50
80 39
166 169
157 68
55 40
4 184
52 76
39 29
77 45
181 118
X
135 98
97 63
12 149
28 149
188 90
108 113
17 156
160 107
103 68
121 120
100 165
179 31
164 56
59 4
43 87
10 28
126 48
66 76
75 174
51 171
7 119
94 133
44 95
56 118
122 130
147 88
157 145
137 145
90 167
28 52
100 173
128 47
51 27
170 21
117 67
176 79
53 88
151 93
X
12 73
148 78
167 178
129 183
5 178
76 89
17 47
79 129
120 11
168 134
123 154
99 164
56 139
56 86
55 53
193 96
17 43
81 49
111 122
94 67
12 69
163 155
52 67
156 10
174 146
94 90
95 79
117 80
X
109 59
8 60
135 138
173 139
164 169
74 159
52 55
91 1
2 133
114 163
83 88
135 176
120 151
64 144
117 144
72 187
154 92
122 86
138 177
194 86
130 64
X
110 98
176 118
71 104
175 163
185 77
105 68
158 29
182 48
186 136
177 142
151 171
164 58
117 24
X
3 91
162 153
172 188
24 124
114 167
109 84
122 129
74 158
154 180
62 182
164 154
112 119
23 35
98 7
178 95
189 104
28 45
159 57
132 56
143 119
139 41
133 140
180 2
42 62
58 89
132 104
183 53
188 10
139 94
108 72
X
141 70
166 104
141 174
126 35
6 183
68 192
81 142
172 51
193 50
56 89
148 162
56 158
144 143
52 127
43 48
24 25
97 81
150 9
63 145
140 80
71 194
120 41
51 14
X
180 105
52 153
55 16
38 183
X
157 1
123 110
49 6
106 14
174 77
26 165
83 4
118 192
40 86
181 123
4 40
19 191
7 26
130 181
85 161
64 31
38 55
140 96
78 119
95 53
159 95
49 16
169 189
105 152
108 157
158 37
X
183 123
51 90
48 168
176 168
10 89
13 80
172 179
X
2 132
183 179
169 106
16 89
43 124
143 64
143 148
164 74
180 124
36 49
176 97
98 174
99 149
171 18
144 150
19 123
33 192
137 103
83 49
195 5
26 194
95 25
87 58
100 18
110 178
127 23
51 40
123 161
88 54
85 34
X
151 9
167 197
101 61
159 40
103 160
68 182
75 137
126 125
61 155
105 142
7 60
X
194 95
106 123
4 76
23 16
182 39
63 50
144 33
150 75
86 196
93 192
55 195
151 90
137 72
167 158
123 153
139 82
169 102
61 128
42 37
83 162
130 192
153 181
74 128
178 133
124 99
192 144
87 99
73 91
88 97
29 7
21 28
79 54
93 112
57 139
67 35
30 146
71 132
175 172
86 17
36 55
127 88
149 65
110 132
X
89 101
156 49
125 84
128 3
42 183
156 62
160 192
125 75
33 88
39 65
70 46
190 66
77 29
86 169
31 106
63 45
86 193
157 71
54 106
178 27
34 20
48 169
127 9
188 118
X
114 95
145 102
146 145
162 190
145 196
33 7
X
85 101
127 173
18 119
151 31
147 161
180 72
X
134 170
151 182
134 191
55 179
128 154
41 31
106 63
92 64
85 27
161 138
194 60
144 182
105 55
98 31
53 141
32 94
14 102
175 161
175 91
153 31
192 9
83 86
166 178
155 86
16 67
122 123
90 196
140 9
143 188
115 175
41 123
125 27
191 50
94 42
10 52
119 104
134 42
141 161
64 77
99 111
76 48
41 77
114 175
132 98
32 98
107 70
135 132
62 163
56 152
49 15
41 62
183 30
44 135
30 32
101 27
54 55
190 166
148 170
192 41
137 141
176 109
188 137
96 100
114 91
49 40
76 91
104 108
63 156
104 172
25 49
133 128
71 131
147 93
12 3
70 121
57 181
78 37
40 37
129 89
151 166
24 87
63 176
146 114
128 24
99 88
172 109
158 3
23 84
20 21
15 77
93 67
X
52 157
172 6
175 131
125 124
168 188
88 70
169 30
25 134
178 92
171 139
66 13
161 32
81 129
159 10
189 73
189 167
180 5
131 192
126 13
56 58
38 182
177 168
155 142
74 83
75 34
72 146
180 54
104 142
195 3
98 30
103 50
104 112
104 39
18 176
29 186
56 36
176 130
52 86
64 143
158 60
53 41
51 41
161 120
108 126
102 107
42 19
47 110
189 126
123 105
53 154
195 57
136 144
X
179 102
X
123 74
X
4 26
X
107 72
33 91
129 71
76 46
4 72
188 165
139 11
103 159
193 3
13 56
26 195
X
24 134
76 145
67 137
183 152
101 17
146 121
157 53
15 26
X
131 156
66 75
31 50
177 72
130 27
125 59
92 176
52 40
195 4
186 104
97 190
72 65
41 98
187 21
2 193
172 52
17 188
43 50
111 179
152 18
158 32
93 22
175 158
28 28
160 191
13 188
67 131
18 177
34 103
189 106
176 16
81 32
54 108
16 24
123 175
138 103
32 186
165 178
154 137
121 149
51 35
49 2
119 195
56 73
105 60
47 123
X
68 139
118 85
13 132
11 142
9 102
120 195
13 90
148 164
155 14
137 104
18 175
9 11
66 49
143 95
15 108
38 147
148 58
X
103 150
187 158
8 76
59 6
17 26
187 102
16 103
6 58
X
114 28
24 127
158 127
181 72
29 118
136 91
173 61
160 167
57 32
53 100
104 152
171 75
52 195
183 106
X
181 2
22 63
13 27
X
135 10
18 121
X
148 133
143 197
145 188
47 10
194 88
6 147
137 140
89 112
109 13
171 8
187 156
33 31
75 162
78 48
168 31
104 131
142 41
136 123
191 174
90 148
69 56
146 56
107 60
26 168
122 132
56 137
186 155
54 68
69 50
44 75
X
7 52
192 30
136 103
52 154
98 167
120 15
113 98
92 40
93 129
138 44
63 93
112 35
1 22
131 38
105 181
148 165
137 114
156 5
100 5
21 154
184 37
151 181
17 53
126 182
31 127
100 12
34 186
112 188
78 51
193 194
181 108
161 94
20 5
69 7
81 136
137 146
21 87
78 147
96 63
149 8
91 184
23 34
155 49
154 176
10 27
157 120
134 24
172 49
192 52
164 86
87 56
139 99
158 105
79 4
178 78
127 122
133 126
69 6
53 24
X
176 91
156 13
45 41
122 104
23 151
193 146
1 39
117 70
51 174
26 139
129 188
34 33
61 94
44 123
53 115
180 36
76 49
6 46
173 65
142 184
60 62
86 10
57 191
20 167
166 158
28 12
86 84
65 115
4 165
159 168
157 101
92 138
4 71
172 12
112 147
156 15
86 143
12 102
171 181
80 77
193 4
129 67
85 73
167 181
X
136 171
190 41
28 168
32 195
75 163
94 41
135 113
53 150
5 133
51 158
176 143
146 150
185 89
98 8
36 109
56 135
76 146
43 164
89 145
176 92
179 32
167 192
23 68
66 176
12 152
31 108
194 79
78 149
90 53
150 180
6 13
123 176
3 185
110 55
4 154
173 141
11 68
31 55
111 98
83 70
64 2
108 19
87 19
156 177
137 150
88 69
44 62
55 119
181 196
X
75 157
40 144
193 187
81 125
76 107
160 139
49 28
130 1
29 33
158 135
96 166
107 119
147 52
170 28
133 114
193 116
190 67
98 5
174 32
12 133
23 41
134 19
193 5
170 41
112 98
133 164
23 32
64 95
65 50
174 154
35 49
132 100
29 45
54 5
138 182
24 123
113 6
181 121
146 106
55 117
182 50
X
95 13
74 93
173 21
70 6
88 167
65 71
34 146
13 54
90 192
183 178
178 35
152 16
105 64
152 90
104 72
189 128
172 50
124 69
140 12
91 40
188 152
11 36
140 75
61 189
39 192
76 33
165 56
25 42
125 51
29 190
140 153
X
17 168
7 58
66 40
12 90
75 180
104 162
156 156
180 83
130 188
28 129
102 7
27 139
150 161
176 106
X
30 195
151 30
161 96
189 39
75 160
133 98
122 162
132 128
98 164
79 3
165 86
161 137
47 54
23 67
120 131
125 121
92 133
52 14
88 98
49 193
124 87
138 91
121 187
112 142
41 183
30 103
82 88
161 168
7 173
98 51
116 67
191 87
78 60
184 151
164 82
125 120
125 133
9 150
86 101
194 50
52 32
170 119
166 155
19 62
72 6
138 154
66 4
X
159 124
122 121
139 76
190 68
153 86
141 180
97 83
125 123
172 176
98 148
79 178
X
116 163
87 1
182 190
24 141
53 113
9 99
65 120
126 8
32 110
36 175
6 25
127 13
54 24
154 86
35 152
53 102
71 36
150 185
41 83
1 92
167 3
X
35 185
95 100
181 90
162 11
148 144
124 133
131 54
34 144
56 136
24 47
86 142
139 72
X
126 170
23 14
152 82
119 163
10 14
183 180
36 172
179 104
192 156
102 91
26 141
51 176
57 24
25 65
177 95
22 32
88 35
44 180
164 4
63 158
87 59
194 179
188 114
178 168
15 51
51 154
X
65 182
138 19
100 28
57 140
27 42
94 194
134 148
65 103
29 115
67 102
168 39
94 195
114 93
59 83
78 49
97 100
89 10
90 112
129 50
135 126
176 76
191 39
161 8
157 144
140 16
20 36
80 29
117 38
71 150
18 156
78 14
192 40
55 150
16 51
149 18
6 138
144 148
111 170
126 68
131 109
162 12
161 118
101 12
160 10
129 65
36 20
84 84
7 62
12 175
96 159
174 138
195 97
97 167
127 39
4 137
33 52
122 154
79 179
193 180
146 53
152 176
63 51
35 144
105 187
41 27
98 111
143 33
21 24
X
50 18
91 180
15 24
88 53
106 182
88 10
57 35
100 175
44 36
130 3
177 123
89 34
157 3
12 179
174 30
130 189
11 69
6 185
5 123
141 122
54 118
172 39
137 9
142 57
126 45
24 68
16 104
127 50
14 116
41 19
53 84
149 118
152 50
161 134
X
X
131 165
144 105
142 15
41 7
160 60
104 89
54 158
61 95
13 176
126 130
27 140
98 92
33 17
27 138
16 179
6 49
X
71 128
71 75
98 91
24 185
86 164
71 56
155 192
179 119
9 4
29 139
137 171
4 147
172 18
189 19
90 184
76 174
177 32
133 160
172 110
193 93
81 34
144 191
18 74
110 32
131 159
105 101
135 103
76 162
69 138
183 102
191 4
166 159
53 139
11 178
173 18
141 41
74 33
28 14
112 36
134 74
76 1
105 97
177 141
152 165
107 85
42 5
33 50
67 171
77 121
66 17
96 33
122 126
6 184
69 106
171 28
63 31
117 41
68 115
162 122
86 154
90 104
84 101
61 93
101 92
131 52
31 190
58 59
100 191
140 152
4 131
61 162
X
137 176
163 115
66 155
X
143 189
88 101
152 184
33 127
159 127
55 24
51 18
35 77
171 26
78 46
95 24
15 188
84 75
70 59
97 112
138 98
157 70
160 93
180 119
119 58
81 143
56 85
63 180
136 75
80 49
128 71
130 50
160 53
124 46
106 55
79 12
137 174
142 29
70 8
48 164
62 8
105 27
186 141
172 26
178 58
25 136
139 162
121 75
60 155
11 168
66 158
193 18
169 62
X
34 65
6 132
5 26
159 154
92 51
137 77
34 56
71 191
78 83
67 155
105 191
110 57
72 59
107 77
90 109
189 165
36 139
68 181
84 27
182 93
122 112
66 106
12 74
33 105
157 72
X
17 121
92 112
85 56
28 50
78 27
139 173
98 54
26 79
152 37
33 153
40 87
37 181
116 53
137 13
88 125
173 160
92 175
50 150
139 16
165 87
14 27
84 104
112 31
191 86
190 65
97 110
13 139
193 178
147 54
39 17
118 184
164 59
66 14
15 69
41 157
166 172
109 190
169 191
83 68
58 138
45 106
49 43
91 4
34 149
93 25
121 145
75 80
190 74
113 175
53 3
87 189
132 99
5 149
X
35 17
126 179
66 16
48 154
171 192
72 91
147 182
X
156 153
40 128
89 170
41 146
181 71
74 150
52 139
24 79
22 138
176 170
140 154
125 80
X
168 122
23 40
105 47
126 47
35 20
141 150
24 28
184 27
120 146
100 172
154 134
112 131
86 192
66 6
92 118
169 76
125 74
92 190
X
31 8
80 129
113 9
67 169
33 152
3 95
34 155
11 176
141 52
139 9
54 171
134 104
165 180
186 103
26 120
134 75
166 60
117 40
89 57
23 167
112 34
174 76
51 52
57 106
33 160
3 41
132 159
12 2
76 160
73 63
105 34
23 33
192 172
26 170
48 5
45 135
124 180
175 197
192 60
176 146
183 177
26 193
178 158
158 57
115 167
28 42
156 144
132 132
197 180
143 42
17 152
43 183
52 144
138 111
138 89
91 156
101 63
53 192
74 56
182 104
158 18
48 163
191 129
131 57
24 78
143 106
14 55
128 52
188 22
88 196
13 15
126 183
169 140
193 20
52 164
86 122
94 193
63 188
19 8
29 47
5 30
96 54
79 136
191 192
126 27
97 79
27 172
90 41
151 177
195 183
147 181
36 169
76 5
13 55
169 18
28 76
188 40
142 37
102 69
41 70
41 112
103 126
191 166
166 174
146 21
159 169
122 133
169 132
4 42
125 10
124 78
117 10
35 51
48 52
30 74
86 9
127 170
141 59
104 97
80 16
49 27
71 8
124 179
40 196
16 44
64 15
169 144
136 167
28 174
26 184
156 180
141 162
54 109
X
135 174
117 9
23 168
26 49
X
158 30
181 5
2 93
65 36
17 122
61 180
139 81
12 108
139 45
109 31
64 145
71 103
4 120
42 15
97 108
25 191
179 62
138 100
120 161
96 50
85 68
7 11
50 127
163 107
X
108 160
52 90
151 137
46 106
135 121
169 194
X
47 47
124 130
55 114
64 71
194 118
60 163
31 49
34 54
X
16 137
104 158
76 102
181 190
170 72
188 78
40 15
4 119
171 21
X
X
165 90
187 165
69 60
108 88
187 154
118 37
136 127
187 136
194 52
102 68
87 82
167 182
157 194
118 92
145 33
145 20
171 145
111 134
109 159
139 156
70 16
76 180
81 59
119 154
15 115
67 138
103 152
110 130
28 127
175 194
118 163
192 32
83 138
104 123
184 191
149 166
41 195
171 33
168 176
X
51 50
69 5
190 75
167 33
167 31
168 26
159 93
91 51
109 121
102 92
46 104
18 133
182 181
139 102
191 178
180 155
28 74
178 131
9 128
189 115
177 78
162 194
68 36
147 38
31 147
105 161
177 96
31 56
160 52
110 13
173 146
170 179
66 182
94 191
5 100
71 91
109 110
X
157 106
126 51
169 48
113 139
168 33
62 175
10 47
163 94
101 5
171 53
53 174
95 97
141 57
17 166
42 181
138 22
31 119
2 191
45 36
98 108
X
141 45
27 136
42 125
120 144
141 91
124 91
18 134
49 189
62 180
24 40
X
183 103
152 43
97 12
160 74
195 32
38 67
75 67
83 2
48 106
41 2
79 27
70 126
181 101
48 2
X
8 154
36 54
4 152
172 160
X
161 75
38 66
176 20
151 168
76 189
104 110
172 178
188 68
134 101
6 22
12 80
190 79
181 124
69 171
159 49
169 32
173 142
128 98
127 183
142 33
44 133
95 140
98 113
106 77
166 6
156 120
7 146
56 163
146 144
136 109
172 47
127 123
197 58
154 94
137 101
153 170
176 117
175 134
82 46
3 178
55 17
146 117
129 91
86 108
128 191
152 41
X
140 89
63 115
84 142
30 94
137 154
143 36
96 156
116 177
56 108
25 12
160 135
115 51
11 149
61 182
108 39
91 110
179 108
149 93
126 132
21 60
100 164
23 65
91 25
145 191
X
139 103
116 176
59 160
5 186
160 11
X
86 8
92 140
176 95
7 167
16 105
88 109
94 93
118 39
62 59
63 6
14 74
28 80
72 166
165 74
123 10
7 85
55 35
114 84
80 125
61 146
121 124
150 88
69 73
11 37
91 3
190 18
154 37
30 5
169 197
28 169
43 133
148 6
47 104
138 122
147 190
144 184
106 187
170 135
29 138
63 114
56 164
184 141
149 28
137 121
X
147 117
99 98
169 65
9 26
52 135
5 154
124 13
12 4
72 147
107 68
169 20
187 172
168 121
18 115
122 124
102 88
127 113
63 192
125 71
189 193
136 141
94 129
103 88
57 62
159 133
158 39
14 76
53 18
68 134
117 140
181 83
43 46
39 116
165 172
45 137
X
36 148
187 151
119 187
78 29
81 1
33 162
23 185
39 142
62 95
76 109
136 73
24 151
161 95
169 29
115 12
128 63
177 28
47 121
151 165
163 96
173 194
159 52
99 28
143 102
43 94
19 153
41 116
86 195
132 168
84 17
6 12
27 125
168 76
77 54
124 68
168 28
69 170
78 80
39 31
128 36
182 109
8 150
93 118
33 95
52 117
178 72
161 93
15 132
62 15
194 183
89 109
12 151
144 59
194 115
123 106
56 5
46 36
128 35
128 38
8 58
139 100
149 29
34 17
188 106
100 167
142 31
99 12
72 56
103 180
42 124
27 95
133 150
17 8
52 176
183 153
138 75
68 116
X
103 163
13 89
192 186
118 167
158 36
55 155
195 113
10 132
184 142
15 193
161 195
6 153
181 177
127 35
105 188
37 144
X
57 89
185 73
80 32
38 44
31 195
14 69
190 104
86 197
160 120
159 76
7 84
22 36
103 28
170 76
84 140
X
141 92
37 77
45 62
X
145 59
100 91
95 62
154 90
75 66
192 39
189 21
30 27
193 193
36 75
192 5
7 154
137 14
179 53
44 47
165 4
160 13
156 124
81 88
151 37
133 147
160 33
14 133
180 50
17 55
37 87
101 189
156 122
117 186
43 66
29 94
122 13
100 88
20 190
53 187
50 40
190 174
146 118
179 39
134 105
169 183
133 110
X
25 78
13 177
129 46
162 40
63 177
100 193
81 28
107 84
17 56
58 139
63 128
40 63
131 41
1 161
67 46
22 140
50 80
168 53
38 51
128 45
155 85
5 25
157 11
67 40
53 176
105 127
163 116
135 177
X
32 194
73 86
78 54
78 106
188 73
147 143
178 122
169 50
90 177
142 194
41 74
176 194
183 154
63 143
189 178
110 17
168 61
177 76
72 139
63 179
110 167
87 197
94 69
6 27
66 20
77 46
141 176
97 156
165 169
81 56
107 187
83 82
148 145
76 39
151 16
173 190
99 5
196 93
184 137
13 43
141 95
170 87
155 11
24 15
167 195
38 53
155 68
7 10
91 22
79 159
178 109
161 127
173 196
58 135
67 177
112 33
32 152
148 55
29 103
165 176
111 190
122 85
191 89
102 98
6 137
122 151
129 164
40 77
168 65
94 85
184 136
112 140
9 154
119 47
102 8
29 6
41 88
37 135
94 91
56 87
87 72
6 141
16 107
94 190
37 171
68 172
15 27
68 119
27 127
121 193
24 129
81 90
103 182
191 126
46 70
188 167
167 100
196 96
56 60
193 186
19 165
162 130
193 188
X
13 26
67 134
151 180
108 110
41 40
125 109
86 29
20 121
176 154
36 106
130 179
19 9
22 68
136 71
86 124
41 46
130 4
44 50
134 190
55 113
169 101
X
40 116
24 121
166 87
137 11
28 72
27 45
133 146
133 56
16 48
78 58
142 183
54 126
180 158
97 98
154 56
70 44
52 124
162 169
17 174
25 40
84 95
164 172
115 163
193 189
70 76
127 85
11 151
41 47
80 13
17 7
157 9
124 60
141 146
163 174
169 47
191 160
143 45
32 192
160 63
105 25
171 191
116 10
55 3
163 108
27 85
103 99
7 88
1 95
134 138
147 150
193 60
75 131
156 121
160 121
143 65
64 51
X
83 48
189 174
18 165
181 69
136 132
139 176
24 117
30 66
125 176
126 50
161 174
105 99
169 119
3 130
141 56
104 182
136 18
125 129
4 162
130 182
115 52
66 179
X
63 15
17 179
178 121
128 180
120 147
53 181
152 31
109 35
X
84 28
146 147
52 77
101 19
119 152
41 86
16 177
135 119
150 118
114 85
76 92
110 84
X
163 118
74 139
46 83
98 90
X
180 186
35 108
104 32
168 52
116 47
150 17
49 168
85 99
75 121
194 56
10 147
3 190
63 147
25 151
144 194
175 107
36 144
67 121
35 155
133 58
50 164
124 85
120 70
81 47
161 13
49 195
151 88
160 127
73 191
71 136
161 83
161 78
117 27
29 98
92 197
132 63
50 114
17 5
105 180
72 162
122 109
91 112
108 118
73 139
107 180
97 54
131 111
161 38
45 157
193 48
29 104
108 121
78 100
43 127
5 184
53 5
25 83
125 89
75 64
103 158
50 27
31 153
39 87
54 157
109 132
140 180
93 131
137 152
127 89
182 101
50 78
94 43
120 43
146 18
133 42
141 81
41 29
157 138
71 134
21 68
77 13
177 194
156 155
30 110
4 91
11 11
59 89
71 90
12 146
56 32
166 101
117 39
X
51 80
193 2
166 168
186 154
29 105
32 160
12 107
27 78
133 115
172 41
173 188
8 74
16 92
190 156
75 102
3 186
100 147
126 119
40 162
118 67
79 161
166 4
43 162
108 124
X
124 121
182 25
147 162
13 142
44 37
101 193
80 142
57 76
171 9
112 176
23 24
4 41
158 41
84 88
48 166
145 32
44 46
169 58
130 31
148 103
X
11 13
28 114
131 188
126 31
10 88
135 120
113 99
37 76
84 74
194 89
55 18
121 129
23 134
5 60
85 58
51 124
143 57
97 189
78 146
24 114
99 134
9 6
168 161
103 106
96 165
57 78
193 113
108 167
14 130
153 84
34 125
106 76
90 52
85 157
132 171
22 34
162 192
166 135
46 66
X
15 133
189 143
11 6
86 158
77 174
31 149
105 73
152 53
123 171
189 68
69 70
186 66
168 87
32 56
38 144
32 127
55 171
53 6
X
69 8
131 153
92 177
91 23
103 51
38 38
41 44
106 61
55 182
96 69
161 133
178 155
32 5
127 84
92 196
68 180
165 179
162 86
172 138
132 130
158 104
123 133
182 91
41 97
88 7
20 152
180 3
62 127
168 72
120 149
190 78
180 35
88 104
161 18
176 157
79 137
29 121
76 90
34 107
164 160
192 13
30 28
17 67
34 136
24 83
103 142
56 190
132 161
67 49
106 73
159 21
187 169
78 36
70 56
134 171
73 163
121 192
32 87
37 89
128 85
124 100
143 191
178 32
170 91
53 15
13 181
75 150
28 136
81 77
143 146
38 63
109 123
33 30
78 99
137 138
124 182
49 104
37 138
24 136
187 137
129 90
128 91
142 104
144 64
7 16
169 74
1 176
39 173
X
51 119
154 71
X
163 117
34 187
56 79
26 47
121 13
125 52
2 131
4 94
86 68
29 41
121 133
172 30
160 55
112 175
98 165
69 40
102 72
66 172
152 20
194 146
135 77
147 188
X
172 108
24 139
71 135
36 173
23 166
16 119
84 136
52 158
124 80
137 108
57 188
29 107
130 68
51 51
51 29
13 77
157 60
42 43
90 54
186 65
149 66
147 170
128 67
26 169
115 53
173 189
68 193
98 172
2 192
165 194
27 170
17 125
192 31
137 149
141 82
X
89 1
27 76
132 192
93 109
56 134
182 29
145 64
84 73
182 30
49 153
30 186
111 130
129 156
79 16
118 95
67 172
59 58
74 185
78 16
44 74
40 194
142 143
56 84
91 63
13 51
148 106
38 194
139 177
55 110
X
85 162
108 31
177 83
103 141
179 35
33 96
14 38
3 163
158 2
115 27
93 113
83 72
37 88
190 47
28 124
X
91 121
75 134
188 11
77 56
180 77
70 166
40 31
121 108
51 141
75 135
49 3
182 94
141 90
64 94
82 49
52 103
85 155
161 86
4 75
51 146
25 147
39 196
38 124
180 195
19 188
7 110
4 176
X
55 180
160 9
73 67
156 63
103 124
134 100
X
102 99
50 44
104 59
8 62
147 158
117 42
106 50
191 58
33 195
34 195
84 102
53 188
23 36
42 44
13 11
145 52
60 127
43 181
54 78
71 152
159 33
34 18
X
55 75
130 161
16 175
78 102
159 18
182 4
124 23
109 77
141 175
87 35
155 2
175 8
159 130
105 144
141 160
76 37
3 137
58 58
176 138
91 193
73 93
75 122
31 66
153 90
195 2
65 11
176 172
188 175
71 93
64 75
104 35
125 170
13 102
182 5
164 159
68 49
X
56 192
60 1
50 77
160 78
102 152
166 173
34 110
25 121
X
57 21
39 143
51 194
33 56
106 38
74 32
191 19
78 161
55 175
73 6
192 180
110 85
73 193
71 39
104 101
28 98
13 57
146 40
118 162
129 48
70 72
156 176
151 22
83 141
52 44
33 161
43 128
42 179
127 97
7 112
119 145
X
110 138
16 156
104 134
176 18
40 29
84 76
103 47
22 17
114 179
91 111
155 193
179 185
24 27
35 147
126 3
191 10
109 133
176 59
57 107
55 188
96 167
125 122
41 160
99 147
51 120
175 108
105 57
158 110
66 15
44 137
46 84
193 115
124 124
X
60 85
87 2
93 119
17 167
130 65
47 50
72 93
11 10
67 157
145 40
40 69
136 24
125 38
130 67
93 24
121 59
117 12
159 106
145 54
90 180
26 78
33 182
125 39
87 7
186 88
9 103
31 52
184 196
30 150
46 41
5 62
191 41
7 46
191 115
90 10
191 90
142 94
50 88
34 77
157 195
49 54
83 45
49 14
68 176
37 73
19 125
187 65
51 28
4 77
156 196
4 21
67 158
23 9
128 68
126 1
74 63
43 40
33 187
113 179
39 171
102 28
142 45
102 71
85 163
21 83
27 12
80 143
91 108
195 118
69 49
111 101
140 11
7 87
75 178
34 63
X
81 3
14 117
103 60
73 151
111 110
32 185
X
99 195
23 182
82 90
113 100
121 78
23 195
97 80
106 140
171 123
54 151
45 7
70 45
135 70
77 27
195 117
172 46
97 84
160 174
X
150 160
29 76
139 91
41 145
25 53
31 105
25 123
165 177
111 175
48 110
187 90
53 54
28 49
51 138
X
28 139
88 112
44 161
101 28
128 183
X
7 165
179 19
182 2
149 31
132 110
48 167
184 155
88 56
12 67
158 137
161 172
63 116
27 173
13 190
12 181
29 116
4 148
155 43
93 85
139 89
125 91
X
44 10
74 162
155 38
111 187
123 57
146 149
X
131 112
52 84
188 143
30 108
8 146
182 179
X
90 169
54 67
26 53
49 194
154 103
46 68
42 10
13 76
190 46
13 70
134 98
44 77
X
72 150
89 3
179 69
52 79
139 154
152 88
88 190
148 54
85 82
7 73
146 36
53 27
79 122
137 75
109 99
106 48
189 12
135 9
39 91
63 172
147 9
88 99
137 144
192 182
31 125
17 191
4 130
35 135
62 143
36 147
57 119
172 107
93 123
176 61
69 121
40 124
52 88
75 1
61 147
188 120
167 6
154 145
61 177
33 6
104 47
118 81
51 24
121 121
133 144
169 60
192 38
121 74
70 75
92 62
192 46
163 106
31 53
176 132
193 114
34 123
32 49
162 39
137 95
136 146
98 33
157 133
108 36
84 143
71 6
158 101
119 143
74 57
79 29
193 88
88 154
67 180
X
171 189
71 88
182 138
2 194
162 36
31 51
98 134
192 82
78 98
167 179
41 193
178 4
191 77
91 129
89 154
69 46
31 7
81 86
40 76
19 102
31 116
31 28
53 44
75 86
81 55
162 124
114 164
53 104
93 84
46 82
X
128 100
110 58
48 165
130 28
157 14
92 91
76 27
56 179
55 52
124 71
42 136
109 167
124 74
155 72
3 173
68 179
130 70
140 83
41 166
143 68
74 125
179 51
9 84
123 170
93 108
46 42
96 30
151 134
195 126
106 59
79 157
105 153
110 176
81 140
168 159
139 152
140 162
124 98
87 158
109 130
91 24
102 173
133 161
149 6
64 116
130 2
57 87
34 147
45 86
40 62
61 144
88 4
X
114 80
147 75
66 73
12 89
100 133
96 19
X
92 43
87 125
184 139
123 91
83 81
168 46
137 139
70 48
106 49
44 98
46 86
36 174
156 142
95 51
13 131
131 58
8 12
45 6
X
123 13
139 98
62 3
86 114
157 5
111 113
109 131
143 195
154 82
71 3
62 190
20 118
X
X
62 58
45 110
64 14
81 29
158 194
16 46
172 65
136 76
25 66
180 191
126 84
52 80
173 195
194 49
94 30
25 43
89 33
145 18
162 115
159 60
105 56
103 147
188 13
10 4
77 98
79 180
153 30
107 189
17 57
13 38
51 144
83 136
10 112
51 127
44 179
X
116 144
63 129
151 169
102 172
85 19
64 73
133 165
191 118
111 167
194 2
92 113
126 109
121 10
117 91
81 27
X
X
X
46 65
11 154
180 48
114 24
11 67
135 175
22 104
193 126
127 45
162 191
60 86
25 46
112 110
X
73 128
158 123
X
66 72
1 93
129 179
188 76
179 154
14 44
13 12
8 151
86 141
183 31
37 137
54 136
175 9
57 182
75 177
64 175
160 51
120 193
10 110
26 51
161 116
90 101
121 38
5 121
36 185
42 77
100 24
175 130
112 130
177 138
119 70
100 111
188 172
134 192
74 86
191 172
83 90
169 121
121 43
187 142
130 163
177 140
54 50
156 179
191 186
19 103
155 10
48 50
107 192
69 103
48 10
130 45
56 88
147 118
157 10
194 93
186 172
192 183
81 33
99 113
52 163
193 130
151 29
56 106
81 126
146 165
127 71
189 77
12 132
52 166
5 172
134 38
X
107 35
53 32
174 157
51 113
191 194
113 150
14 118
105 39
6 77
133 132
160 19
67 163
87 84
95 85
45 44
79 177
76 4
25 195
10 165
153 49
87 162
142 52
89 54
16 71
75 119
185 151
69 93
68 102
33 54
120 123
52 51
148 114
121 194
159 105
178 20
141 10
29 136
164 168
19 101
87 147
158 63
86 35
44 76
143 82
12 139
150 164
103 161
29 28
120 69
19 63
79 77
31 110
77 119
101 190
170 31
162 127
36 56
120 124
197 59
56 195
78 47
126 129
168 181
43 70
77 12
188 151
45 67
131 62
102 100
89 35
138 77
132 191
32 170
20 9
66 114
154 102
X
143 150
45 107
23 21
33 123
70 70
105 182
55 21
4 139
130 62
120 143
99 108
159 101
183 185
49 17
X
66 178
31 26
168 63
155 8
25 125
171 7
140 77
83 77
104 38
167 88
23 184
3 139
190 49
87 146
74 157
121 9
161 170
51 195
96 12
148 104
191 79
82 72
X
X
94 192
26 185
121 152
30 63
41 143
128 31
98 50
158 31
193 117
102 176
X
171 38
194 87
54 125
138 173
187 68
160 61
183 181
179 18
122 10
161 169
56 67
118 68
136 105
6 186
X
130 46
138 170
30 98
127 52
136 119
124 47
191 179
137 148
159 103
84 30
162 152
53 175
95 158
144 197
39 19
148 102
182 183
31 160
153 95
X
157 137
16 106
125 37
53 86
10 50
88 9
142 150
88 114
111 118
16 93
162 96
146 17
12 104
85 32
21 8
130 183
170 146
31 95
X
90 146
7 75
113 147
193 176
X
23 42
112 32
86 59
10 30
27 94
121 126
46 108
126 97
170 121
152 51
107 123
159 156
49 5
157 192
61 181
191 60
66 168
179 80
184 38
171 178
59 162
147 92
81 54
133 38
81 48
40 70
181 194
86 28
55 36
109 147
17 74
179 28
107 19
86 113
27 47
121 104
71 60
22 137
22 152
163 93
120 37
118 70
126 14
X
153 82
140 70
72 189
X
134 70
143 52
96 68
84 93
X
85 59
145 118
142 106
138 161
126 4
40 36
74 98
52 36
187 104
45 156
3 194
31 155
173 20
20 63
87 95
171 48
59 130
4 163
74 89
162 74
42 121
135 150
27 53
68 46
61 13
24 120
15 119
139 174
104 179
54 115
136 112
72 135
122 78
29 160
174 162
71 4
29 150
54 3
30 87
77 15
70 50
148 52
182 90
66 37
X
14 139
192 2
74 82
145 36
192 143
173 143
123 108
98 159
22 135
147 40
45 65
28 16
149 75
113 140
103 162
8 98
69 115
147 89
138 9
77 14
73 190
X
49 188
68 57
55 67
170 143
179 58
146 120
77 151
75 63
152 21
54 179
71 72
109 98
21 36
5 173
84 141
183 107
51 74
36 146
171 183
125 113
109 19
109 171
151 176
128 97
61 14
132 103
38 30
15 189
25 150
59 7
53 120
142 119
43 44
52 136
32 163
177 170
30 163
138 181
176 62
66 36
15 176
84 96
174 10
19 60
42 120
115 24
X
149 92
141 76
133 192
116 89
152 135
108 170
130 63
126 99
161 30
74 4
56 187
145 19
70 162
16 155
62 61
60 158
46 38
23 86
97 157
22 141
51 34
5 75
163 169
142 83
11 88
25 68
X
75 161
175 133
56 110
162 123
122 74
66 11
172 161
156 194
70 163
121 154
103 27
56 70
65 177
104 107
62 130
21 6
23 18
118 41
172 33
64 159
134 77
185 155
29 137
8 100
107 31
50 79
153 93
40 161
57 83
175 171
142 36
136 70
103 176
177 26
110 188
138 119
11 78
184 190
164 158
4 121
77 188
43 137
183 184
42 166
158 8
154 49
80 36
138 162
143 58
143 40
168 48
94 197
49 18
23 7
39 112
42 113
56 165
137 22
67 162
89 193
5 182
55 74
54 36
122 11
171 138
28 134
42 66
122 56
68 194
78 81
141 71
134 72
68 114
32 108
164 115
120 187
77 105
29 187
191 56
53 33
120 60
38 43
33 63
93 140
124 67
100 92
33 49
33 155
33 29
159 155
161 85
X
9 52
1 43
134 39
76 96
134 168
96 79
31 152
54 102
63 95
115 179
193 144
55 70
X
149 78
9 50
56 170
124 176
173 19
119 48
139 184
11 166
49 155
154 43
179 106
138 42
134 113
65 104
79 76
173 12
77 186
48 7
31 33
62 35
X
177 81
74 65
113 101
175 104
138 11
168 102
56 78
41 181
26 12
76 31
123 26
109 163
143 123
50 47
87 145
121 146
174 31
68 16
34 27
12 105
188 41
145 114
35 54
109 122
88 32
141 74
118 90
109 86
136 150
192 174
191 8
169 27
110 142
53 30
44 82
38 128
107 182
13 179
174 28
119 191
90 8
36 17
55 106
86 161
195 129
25 84
113 8
22 5
120 56
39 146
100 149
1 179
79 138
166 103
165 82
159 96
96 85
64 189
25 45
147 91
120 104
5 117
X
50 84
172 53
23 12
63 1
27 81
49 8
127 119
105 192
102 17
61 175
49 106
120 122
95 30
30 121
183 25
53 195
110 179
141 196
63 168
93 82
15 191
79 28
X
95 14
93 65
62 177
98 193
144 106
76 157
140 173
79 31
131 40
160 133
130 69
X
110 39
1 24
49 10
147 7
X
130 52
50 192
174 160
115 91
99 153
154 143
7 25
89 155
145 106
X
2 25
35 32
101 108
126 39
122 29
62 60
4 74
188 88
41 147
27 116
55 181
193 86
125 11
123 60
194 78
152 95
38 115
34 105
2 130
X
106 127
120 120
12 148
68 45
X
155 1
8 30
147 20
134 132
55 55
106 179
193 174
88 94
26 80
34 74
188 170
150 6
110 169
31 192
27 40
16 42
84 71
117 8
69 16
159 36
119 151
32 54
136 129
138 70
104 24
193 32
169 196
80 58
132 165
179 183
138 112
25 149
65 172
127 174
172 29
188 176
27 87
76 185
61 58
46 119
18 73
56 24
142 42
183 109
97 113
57 79
3 161
178 16
14 179
126 86
94 79
68 136
41 95
1 40
89 56
38 39
174 26
137 102
178 81
83 164
42 158
144 181
20 17
182 177
105 49
171 46
88 113
X
65 102
108 122
52 115
49 88
25 51
8 46
91 157
108 38
58 134
192 11
76 28
181 120
147 95
35 181
155 144
62 6
X
X
58 83
180 52
168 38
179 17
86 7
154 135
16 72
37 54
72 126
87 32
124 145
29 141
114 12
33 98
70 93
56 83
53 190
99 19
168 119
171 76
102 89
84 20
26 191
53 171
48 170
189 14
49 187
133 163
97 33
74 31
73 192
171 41
59 87
65 31
48 171
86 102
135 173
90 182
76 47
74 101
109 118
14 108
117 53
60 87
169 145
64 76
159 170
134 21
62 159
71 149
123 107
126 172
109 73
88 169
11 139
70 127
154 95
X
38 127
167 91
10 6
6 154
28 147
70 91
173 162
133 159
135 72
149 94
6 26
130 25
142 39
152 22
121 109
37 173
189 195
61 129
X
76 86
193 90
9 100
87 83
154 146
84 164
165 85
50 51
160 49
193 59
164 2
22 18
52 30
116 80
51 22
52 120
149 162
191 165
4 149
157 135
77 180
167 194
113 141
25 114
93 107
45 104
98 173
175 162
168 160
73 65
56 6
9 130
47 9
10 48
155 39
21 104
18 191
158 56
149 164
90 43
132 38
125 147
178 30
194 178
132 131
85 95
43 156
68 117
148 132
119 26
148 75
75 6
68 121
157 49
X
29 189
153 171
110 118
189 35
12 147
28 41
127 124
179 81
192 22
24 165
193 29
147 134
43 126
141 143
131 42
60 58
110 161
97 97
71 87
75 108
64 192
178 117
158 5
148 90
172 38
76 81
55 100
10 87
79 119
X
71 106
113 26
148 9
165 116
57 109
38 193
45 136
24 195
180 192
31 107
11 40
154 93
X
X
190 51
160 18
109 169
X
192 29
4 93
72 186
106 19
158 13
10 153
3 93
144 180
189 120
88 121
146 78
X
31 118
24 191
77 157
55 42
4 73
66 175
104 36
90 154
185 167
124 113
69 36
53 23
194 80
117 89
X
78 56
49 7
70 3
145 150
39 18
10 114
177 58
119 184
95 137
171 188
64 45
90 103
101 154
191 57
100 7
57 193
99 167
75 109
158 121
25 127
70 120
24 183
28 171
87 192
73 56
71 71
26 119
168 56
141 93
18 125
146 132
39 16
9 104
77 120
172 10
179 70
27 49
X
61 1
49 158
159 104
186 90
65 118
172 192
121 79
X
55 136
134 56
137 16
41 6
19 119
28 170
68 178
120 13
100 150
34 51
143 43
151 178
28 121
197 57
24 20
7 168
83 161
65 8
22 147
13 73
125 79
16 90
115 49
87 18
25 86
147 166
75 165
X
51 43
24 137
X
118 86
135 100
55 15
45 2
145 67
63 159
133 149
104 144
108 123
159 139
78 109
74 1
153 54
183 39
78 122
104 31
69 132
74 99
167 86
42 70
44 49
19 19
17 76
168 120
70 57
175 92
27 74
151 41
125 12
91 155
126 89
71 162
73 147
110 140
90 7
87 120
156 8
27 96
66 3
105 179
97 159
106 144
40 115
103 149
74 59
177 139
22 150
92 189
167 190
53 138
64 49
48 47
X
170 176
44 113
19 186
141 89
116 51
187 92
21 26
75 65
86 93
X
125 86
162 120
135 75
147 64
192 78
X
14 188
65 175
166 194
110 139
105 186
36 181
89 120
57 33
147 184
184 195
55 76
169 139
187 139
116 178
65 14
X
39 145
120 191
162 174
35 154
141 16
6 71
10 113
147 22
75 179
175 169
97 194
100 176
117 167
40 112
32 193
79 75
82 74
125 148
X
159 8
64 177
194 144
90 158
108 127
5 190
192 118
65 75
162 154
162 121
35 153
127 111
X
X
171 19
X
93 184
112 138
157 153
110 147
155 9
177 154
11 4
179 61
194 119
65 77
X
170 177
182 92
180 180
191 18
44 96
157 8
45 5
112 38
186 67
29 119
4 132
141 119
16 69
103 127
35 103
105 26
23 5
148 53
4 192
53 29
93 69
185 136
174 158
123 104
178 124
122 158
52 68
180 92
55 78
60 61
6 23
189 22
10 168
140 91
102 175
157 143
152 17
22 83
54 195
31 120
2 21
160 57
42 119
152 57
8 88
54 110
20 122
128 37
55 166
164 85
159 173
158 124
64 35
38 185
138 171
190 119
72 66
29 161
120 9
18 189
144 102
64 155
50 187
187 20
116 12
106 74
12 154
51 167
123 56
86 81
5 58
195 119
67 37
118 193
92 184
66 5
64 121
146 77
95 52
34 49
51 187
165 117
41 156
106 60
15 89
14 39
20 119
152 56
57 118
52 119
X
110 163
61 143
177 145
59 158
189 8
150 28
56 169
110 18
183 35
116 140
190 118
100 19
97 69
136 74
57 190
53 47
14 115
18 5
162 41
80 27
48 158
192 189
187 167
X
40 172
148 149
62 188
191 170
160 54
62 97
6 14
X
81 46
X
170 106
3 43
191 187
28 13
29 146
25 169
108 77
117 7
96 32
123 31
110 59
118 194
52 75
X
85 30
186 171
144 31
168 62
6 60
171 51
138 92
29 114
36 103
101 111
190 73
128 188
14 67
X
5 98
192 14
138 109
162 78
158 42
174 156
31 103
143 41
4 117
86 56
25 129
10 142
167 26
179 79
X
112 113
65 117
111 75
21 67
94 189
104 92
186 105
110 15
X
5 119
193 127
39 147
12 5
X
46 2
18 152
74 136
89 149
32 26
17 137
54 147
143 143
102 108
18 174
71 102
183 105
183 51
68 59
155 180
14 128
91 62
96 97
X
79 125
140 14
141 120
81 141
8 72
151 170
167 177
41 162
150 31
133 103
91 122
161 136
39 175
126 131
126 10
84 68
34 64
170 51
145 131
44 166
29 106
25 165
43 119
39 128
23 17
20 116
187 143
128 190
14 72
131 115
124 132
189 65
165 118
193 21
4 118
94 132
39 67
65 48
92 93
106 192
165 197
52 114
41 142
170 178
148 93
X
176 17
X
156 68
183 136
118 83
192 86
173 33
155 190
159 31
87 149
91 118
84 29
90 51
41 84
148 59
125 35
84 105
112 179
170 90
180 157
53 7
49 42
11 80
93 23
145 130
31 124
99 17
141 177
21 84
39 41
159 120
170 74
36 110
148 21
169 192
53 140
107 86
113 12
175 93
188 91
55 54
X
56 151
131 39
67 105
42 116
182 122
138 72
143 83
156 154
75 185
52 168
27 134
32 19
9 46
92 69
X
4 43
121 41
29 32
148 88
159 63
73 161
111 138
127 91
141 145
87 68
19 156
133 40
160 20
88 170
138 121
41 5
6 174
172 32
39 39
26 181
112 39
179 82
X
123 174
159 74
18 169
78 145
90 194
150 181
145 145
23 6
190 168
168 74
64 8
159 153
97 62
4 153
51 21
180 30
74 126
129 51
140 183
73 60
91 182
67 159
187 18
25 181
45 123
53 43
159 110
133 148
3 39
78 108
146 105
188 119
192 10
X
160 62
18 135
103 125
191 48
71 37
148 105
33 184
56 182
66 12
28 27
127 8
50 195
179 48
149 90
121 40
99 172
X
X
69 72
51 36
78 38
161 77
41 179
21 151
143 66
74 161
67 182
87 3
188 66
147 130
76 32
107 181
X
30 160
34 19
77 80
179 105
42 65
31 6
X
X
169 49
73 152
61 4
187 138
116 49
58 62
54 107
166 161
186 73
188 160
93 194
127 171
14 48
117 95
195 186
169 46
178 170
X
147 164
57 120
136 177
186 156
90 123
106 15
7 77
78 180
119 43
177 130
52 18
194 31
135 139
111 76
52 70
8 123
80 73
70 135
166 85
179 158
64 1
188 154
X
27 114
174 197
142 103
43 135
178 101
3 183
167 32
130 29
X
X
165 155
44 119
36 149
50 55
15 192
7 27
33 55
183 27
42 155
X
33 163
188 67
185 165
X
X
25 141
19 61
94 40
2 176
155 196
54 173
154 84
16 53
67 132
83 46
85 83
154 142
9 132
168 60
7 98
99 99
87 33
56 153
99 176
74 166
160 56
178 157
175 78
149 89
106 31
X
X
98 32
108 84
159 167
X
88 27
27 73
24 138
104 33
68 168
152 171
51 23
16 174
125 145
70 190
65 19
122 28
123 129
54 14
70 40
142 54
81 45
74 147
117 6
35 75
195 187
145 115
2 41
94 89
71 146
132 109
13 47
77 83
179 60
144 123
180 94
13 191
106 18
167 183
176 81
61 15
97 52
110 122
122 144
27 119
13 44
25 52
191 78
20 32
171 20
86 21
34 189
186 100
77 122
78 107
9 168
132 188
88 189
128 4
X
88 145
143 81
156 191
151 164
81 44
190 101
38 196
126 91
31 174
10 146
128 89
19 121
18 118
66 35
138 105
56 166
70 102
67 72
177 197
39 44
177 132
102 18
109 15
5 193
19 167
91 120
165 115
130 23
68 177
4 190
121 162
X
161 167
3 179
23 191
64 7
73 166
128 99
86 121
X
160 14
103 97
92 52
23 61
49 85
118 47
165 196
187 168
149 30
19 151
193 175
183 183
14 42
127 109
111 99
150 90
X
91 158
7 123
59 129
102 19
23 192
22 16
42 82
169 103
175 160
21 156
32 89
117 184
137 110
78 127
164 78
165 89
31 115
89 173
136 131
41 49
108 171
51 140
91 197
111 140
18 180
87 164
70 19
X
72 152
190 35
41 194
134 54
42 39
13 136
140 181
105 36
41 17
21 17
28 40
191 188
49 166
47 55
120 14
152 164
48 55
74 91
44 43
128 50
38 114
188 117
76 87
41 30
128 30
123 173
103 151
120 158
38 112
144 119
150 95
95 64
68 35
197 181
X
181 30
27 137
49 89
118 69
193 22
75 147
72 125
61 192
52 173
161 21
53 191
171 119
146 123
100 166
106 39
82 138
93 136
160 31
18 179
175 94
99 24
170 182
46 62
15 179
120 133
91 89
138 164
179 2
69 74
121 42
10 2
81 4
95 23
91 173
20 187
56 168
5 101
22 101
52 155
122 108
154 72
192 12
10 11
114 83
93 122
124 84
179 71
X
171 11
X
195 56
158 61
134 146
139 101
120 148
147 102
121 142
177 196
42 75
117 162
54 164
34 73
X
180 178
54 52
107 162
8 84
176 82
4 39
29 120
175 7
137 155
160 21
162 42
123 23
142 38
160 190
125 57
103 164
122 146
67 136
X
84 21
166 153
137 99
79 32
186 106
174 155
110 157
105 58
150 116
68 120
15 76
131 114
X
161 124
136 11
43 3
51 20
175 170
139 71
187 166
63 162
158 38
13 93
87 34
10 128
125 149
190 172
190 115
64 191
5 59
12 14
121 77
145 116
132 169
186 167
112 120
189 79
54 20
70 36
23 165
45 82
167 27
32 51
15 72
77 189
138 95
191 130
72 64
88 110
6 102
67 161
138 18
93 197
129 1
23 63
177 62
169 181
79 39
56 120
151 39
49 192
46 43
92 107
67 114
74 163
185 75
85 143
69 105
172 106
61 11
66 1
104 37
134 73
135 122
101 62
122 145
93 138
67 33
33 181
69 89
93 181
42 17
42 74
179 83
33 103
192 171
176 19
27 84
35 31
23 26
53 194
160 129
X
176 155
138 93
82 141
77 187
66 102
60 3
148 168
183 142
79 73
192 126
X
121 76
15 25
11 128
124 10
134 76
65 72
65 156
28 128
82 44
78 129
14 89
177 144
141 121
130 154
86 119
97 16
25 44
124 97
157 139
179 29
51 115
102 60
103 49
70 20
28 125
X
118 43
63 182
X
15 106
98 176
53 179
193 129
92 139
81 128
173 145
11 180
63 160
100 151
79 127
141 40
112 112
19 169
29 163
142 181
38 27
170 39
29 108
154 133
20 35
40 142
52 150
179 54
63 130
93 121
155 70
66 31
88 105
59 62
50 30
74 96
106 142
90 197
86 194
13 135
129 47
84 81
170 33
108 59
60 59
170 192
104 49
28 81
193 118
17 169
126 124
8 77
68 72
167 188
34 184
153 179
100 134
103 123
141 195
104 99
110 189
157 134
40 174
55 144
175 95
38 169
38 87
170 60
32 91
136 89
23 15
24 17
147 171
38 126
23 193
151 21
31 91
98 88
124 45
94 64
7 104
121 185
38 192
41 4
182 3
175 11
167 180
109 187
80 56
X
151 28
51 173
125 47
61 127
69 119
X
194 32
170 134
46 69
146 122
144 118
66 121
100 14
174 27
108 55
30 105
14 191
8 110
75 139
193 78
112 186
5 103
121 140
32 103
126 46
13 193
143 55
190 77
6 139
191 2
42 128
120 184
57 77
128 179
49 191
28 146
129 45
188 35
70 165
142 59
64 4
54 32
134 23
22 139
142 145
54 187
105 71
140 15
175 102
137 173
X
4 174
92 137
151 43
13 128
172 180
48 104
X
127 10
38 68
X
10 26
88 8
46 64
61 179
145 65
100 195
14 193
194 186
79 1
42 41
24 18
171 106
142 30
97 82
86 109
180 91
46 44
122 25
67 116
63 169
171 146
190 171
178 5
83 3
151 95
110 14
87 4
24 119
26 118
164 5
55 145
56 20
47 3
158 4
100 16
X
80 54
185 138
70 17
148 143
17 123
90 173
38 184
162 38
95 139
141 14
124 31
93 80
86 191
126 37
41 164
173 47
124 149
96 67
172 40
45 105
187 140
46 123
69 194
36 104
28 26
59 85
12 142
20 153
144 29
106 75
91 64
119 28
149 67
143 144
3 184
158 33
21 153
170 89
30 47
168 91
59 5
187 157
99 130
16 70
120 140
29 40
X
19 115
64 163
194 30
X
77 150
188 89
115 95
103 24
168 41
152 19
87 194
26 83
142 40
74 67
107 59
X
70 106
79 158
132 127
19 6
53 90
39 144
164 171
85 105
159 38
88 158
175 97
179 186
118 91
99 157
105 162
168 178
118 191
170 65
14 93
150 169
116 143
67 135
84 138
55 47
188 156
69 102
156 72
148 57
40 173
180 90
168 40
74 188
92 174
X
53 35
118 144
27 98
91 107
50 157
17 27
192 18
30 148
169 28
37 175
26 117
166 154
37 91
146 191
55 32
141 9
44 155
X
163 78
104 106
156 123
43 98
107 121
53 4
173 62
63 3
16 80
52 101
166 167
3 140
16 188
122 12
86 170
180 39
68 56
148 171
75 106
29 110
188 92
195 179
74 189
72 185
190 14
22 28
177 60
189 80
44 182
50 158
73 148
140 10
52 170
X
98 156
179 76
135 130
108 161
32 8
102 147
155 42
40 169
13 133
161 42
196 60
43 85
42 87
151 40
195 142
114 166
135 20
55 5
44 165
150 117
34 124
139 14
178 18
X
87 27
6 11
73 138
60 88
88 123
86 190
136 77
160 50
179 184
136 72
192 177
14 129
110 31
155 12
121 184
112 134
89 147
76 105
193 19
150 76
59 163
143 180
X
120 126
134 71
154 91
121 15
72 188
80 12
115 47
34 148
141 75
167 189
52 141
154 105
150 158
109 100
26 45
44 124
137 89
189 157
128 2
55 23
77 145
146 166
142 180
147 37
194 47
24 181
X
122 23
6 50
107 120
78 126
152 133
122 111
107 179
X
134 22
183 192
50 113
141 123
13 178
74 97
29 109
164 170
195 116
28 123
126 121
170 110
138 96
155 3
179 27
110 162
27 123
17 133
X
158 139
X
36 107
96 83
78 174
159 54
101 176
33 51
21 34
140 156
195 115
167 61
196 30
72 194
65 49
102 24
1 25
157 57
18 123
103 64
67 168
143 184
132 113
132 129
120 163
57 85
74 81
34 76
47 53
157 124
20 186
178 69
123 86
40 148
32 17
106 13
81 30
65 171
X
177 172
165 181
133 130
132 170
120 39
64 93
19 18
151 167
X
182 35
103 72
149 88
35 139
87 109
6 52
179 77
131 110
X
175 168
154 104
157 136
49 30
68 44
119 162
14 131
155 5
153 37
69 75
X
149 169
107 74
26 40
64 96
24 116
12 85
71 89
47 49
31 170
185 74
192 178
147 19
112 190
152 91
42 135
60 83
117 93
188 8
129 4
191 21
89 59
26 42
52 171
183 124
169 53
97 111
8 147
182 124
23 8
177 18
129 162
71 139
100 131
51 33
34 152
51 32
122 15
93 83
152 92
91 189
46 40
X
141 72
72 127
125 100
X
111 171
139 83
6 140
83 71
189 160
55 147
13 72
188 39
96 66
38 29
31 154
194 82
51 44
105 31
111 168
54 70
1 23
X
89 7
176 141
126 100
6 123
178 60
190 178
122 26
160 110
64 5
147 159
59 128
55 120
11 38
27 97
77 107
60 84
6 51
109 148
112 111
44 44
189 194
130 156
165 77
53 182
23 60
8 71
89 58
176 80
53 124
178 62
167 161
169 110
162 15
161 33
103 92
49 109
17 77
X
74 28
51 163
38 62
172 31
124 110
93 183
54 163
86 105
170 18
153 28
128 39
13 36
150 19
91 130
52 125
146 76
43 155
195 130
64 190
65 169
15 79
178 154
16 108
173 138
56 157
110 160
71 74
99 154
128 153
77 109
56 59
17 119
170 183
34 181
74 60
86 168
41 180
133 111
38 40
64 114
65 121
39 36
128 23
41 96
99 25
11 77
84 103
X
140 184
144 41
123 172
75 105
126 71
196 95
93 64
105 159
174 53
8 120
146 143
74 27
74 134
36 145
71 40
37 74
6 131
177 143
73 162
81 89
85 137
171 120
141 164
97 15
58 61
86 111
139 180
44 6
21 63
144 54
84 86
106 17
145 134
82 50
81 58
37 56
83 143
134 126
47 48
121 143
X
141 55
179 16
146 23
195 145
194 48
157 15
103 112
179 92
7 174
187 170
52 126
194 90
87 101
14 24
186 68
193 183
148 181
73 88
159 42
144 103
86 72
161 110
157 193
145 195
126 133
73 188
108 74
35 110
73 194
146 119
94 22
100 13
179 109
87 105
64 172
120 130
13 88
154 57
37 49
44 115
156 190
8 104
96 81
17 52
50 190
41 48
103 111
53 78
56 167
102 131
11 79
10 111
55 101
171 61
169 178
44 181
176 83
140 160
95 67
86 120
165 6
85 84
178 83
166 183
197 182
10 154
175 164
176 197
22 134
85 35
122 76
104 109
87 163
136 170
192 35
30 29
10 140
166 91
125 67
87 81
163 75
8 52
14 141
122 125
6 133
50 74
180 154
171 12
98 68
124 56
169 59
49 4
21 147
122 14
180 122
136 16
70 128
151 7
112 150
136 108
74 80
18 186
102 6
189 142
148 146
11 93
158 129
28 150
29 5
X
65 106
8 15
21 5
127 120
57 58
X
83 83
X
15 57
X
6 30
158 15
106 32
5 174
177 20
107 88
125 76
174 8
32 155
162 37
150 21
167 60
43 82
51 136
3 172
167 46
150 20
56 75
55 168
156 57
27 51
186 102
129 165
91 92
167 30
135 140
21 150
65 6
148 18
102 70
153 180
113 149
55 194
119 193
154 136
6 98
33 154
45 39
98 67
162 19
92 109
192 158
188 157
168 135
X
19 5
34 143
98 100
119 24
42 63
57 179
127 87
5 192
69 86
X
98 19
74 160
143 59
192 159
169 135
148 134
66 116
75 83
158 130
51 137
104 147
87 155
85 71
20 102
110 111
90 189
172 163
193 97
54 113
143 54
53 21
151 18
165 76
195 128
141 184
68 20
166 2
41 50
42 133
16 154
61 188
137 70
X
183 190
X
24 65
71 148
134 188
98 147
25 67
52 20
165 174
16 116
187 22
79 36
89 2
54 18
155 4
181 186
79 49
46 37
193 46
120 108
176 158
139 105
112 118
89 105
51 47
158 155
173 53
119 153
11 91
129 23
54 75
115 48
173 28
140 155
118 195
190 50
168 197
9 101
37 51
62 1
X
164 155
179 122
99 109
132 156
159 107
63 178
175 154
50 75
43 74
183 104
164 161
143 39
38 36
104 111
137 113
181 184
5 29
8 118
124 70
14 53
173 46
140 13
28 44
40 166
28 116
77 59
67 133
145 22
180 76
134 57
66 181
X
23 83
49 44
167 29
109 88
143 31
169 146
191 22
155 84
94 81
132 153
122 80
106 124
143 29
191 177
46 85
31 54
95 54
167 135
166 102
192 145
105 51
88 68
24 46
191 37
114 90
162 167
27 129
114 10
152 183
11 92
44 86
56 62
131 65
181 92
7 171
138 152
25 15
104 133
169 100
17 9
111 73
44 162
4 164
129 31
171 72
146 148
13 53
45 9
183 48
162 93
92 89
42 50
113 10
46 39
188 18
105 61
54 139
163 74
79 121
118 80
155 57
X
101 172
34 109
93 89
175 109
192 181
16 55
28 43
24 115
185 143
107 69
X
180 81
63 8
169 142
28 148
62 62
102 134
98 107
94 32
124 183
52 69
194 113
80 127
88 197
29 148
107 17
X
180 156
52 187
183 49
74 131
X
X
X
103 143
106 162
137 20
3 141
107 13
52 78
161 31
161 189
77 34
17 124
12 36
X
107 15
79 60
169 188
59 161
130 155
114 6
13 25
125 179
70 18
17 44
103 153
71 147
54 47
87 57
3 176
20 104
138 20
73 125
33 185
7 48
76 176
14 140
26 123
7 111
24 140
68 37
X
125 58
X
141 197
51 135
174 52
111 132
55 41
69 168
43 158
148 77
179 30
119 186
121 107
10 51
5 130
163 172
6 104
59 1
181 95
177 117
56 7
38 31
101 60
139 104
51 139
13 52
160 29
37 169
15 190
169 51
24 81
52 147
67 34
38 56
40 170
55 7
53 173
88 122
183 155
62 147
143 67
181 70
X
53 118
34 185
105 164
147 114
36 105
33 66
143 96
64 3
142 90
90 193
82 86
127 11
158 21
122 31
92 120
184 143
46 67
X
41 91
55 163
95 138
80 60
108 32
83 84
144 120
30 194
175 103
178 39
7 71
49 150
X
X
84 98
X
76 88
127 4
16 191
107 39
174 29
93 62
137 119
69 131
181 117
169 107
147 148
154 89
4 95
158 62
35 56
14 80
145 30
49 84
53 87
132 163
38 181
156 105
X
126 176
129 159
110 141
76 150
101 191
138 94
128 192
110 101
114 92
66 180
66 2
183 186
138 16
173 197
56 171
53 127
X
113 138
181 27
14 142
17 78
81 31
66 7
127 100
41 155
184 28
191 52
189 192
119 37
38 50
112 187
187 159
104 173
42 123
145 197
48 108
63 47
170 123
111 100
151 136
32 125
57 22
84 137
105 98
29 97
147 132
134 20
4 133
47 2
183 143
170 133
16 27
182 52
4 123
67 139
192 90
125 23
55 174
137 12
39 15
181 109
85 164
51 84
41 196
53 136
158 19
12 38
112 132
67 32
65 3
129 192
63 11
65 168
114 178
83 1
31 97
112 121
118 140
118 24
79 74
173 26
180 177
57 187
148 95
54 170
9 131
X
X
34 192
137 98
41 10
106 62
189 172
142 14
95 159
132 115
41 36
153 29
87 157
17 72
42 36
90 42
130 153
133 112
4 161
6 24
94 92
X
164 6
84 94
27 171
95 99
118 84
X
160 194
87 30
X
176 58
123 151
72 88
42 7
42 40
21 86
75 32
25 185
115 86
1 162
139 70
43 112
31 109
79 30
24 21
135 22
131 50
196 32
132 126
112 122
13 24
8 73
12 76
5 139
140 72
21 62
X
98 189
53 85
70 86
177 108
75 29
88 102
54 100
184 192
170 48
158 153
17 80
51 55
139 164
65 35
177 70
178 120
97 30
52 47
34 26
182 38
5 27
137 177
74 30
104 61
100 15
135 24
145 57
88 120
108 187
135 171
84 161
23 13
116 28
57 74
X
129 26
110 73
88 29
49 87
134 99
38 42
90 145
151 8
83 163
165 60
85 33
158 49
X
130 30
53 163
187 88
138 110
175 139
116 8
133 141
148 160
42 48
77 39
163 82
127 67
167 28
12 150
76 83
135 128
119 108
161 106
X
147 189
168 133
30 26
193 192
123 113
145 68
182 27
28 141
129 163
101 149
23 141
54 40
157 191
147 57
49 47
67 17
107 124
3 25
21 100
84 72
180 38
126 2
X
62 145
26 87
166 171
44 70
101 130
17 180
196 183
121 158
X
149 68
59 3
105 189
71 189
141 147
150 77
105 160
55 139
6 62
77 161
63 171
170 26
57 194
100 154
189 76
2 39
172 142
161 117
145 17
6 171
181 102
162 155
147 191
X
X
192 115
162 82
51 150
51 30
13 192
66 77
98 52
87 167
91 133
60 8
68 60
119 25
181 181
89 158
75 3
65 180
104 68
137 15
182 106
138 108
18 188
121 186
78 150
93 91
169 138
126 23
37 147
89 4
6 10
63 35
192 130
192 142
110 112
68 47
110 177
12 15
191 46
157 12
91 43
143 53
57 36
127 27
144 183
94 62
X
185 91
92 53
64 74
152 39
106 64
90 1
129 153
18 178
75 98
147 94
143 147
162 118
107 190
X
151 6
148 166
130 71
107 58
147 67
X
162 106
X
194 46
176 134
36 18
111 34
114 89
25 41
127 86
72 190
47 120
127 175
88 147
63 163
53 14
124 89
189 141
89 176
30 91
123 121
27 168
18 116
190 120
X
27 75
136 148
145 143
14 40
33 5
157 69
126 49
4 151
182 118
99 26
97 107
96 64
155 194
70 164
187 171
157 146
127 90
111 147
73 150
162 195
56 155
42 67
15 48
34 106
142 123
3 182
107 87
22 9
119 57
101 192
191 88
X
123 160
108 111
X
125 60
178 123
77 57
186 138
71 138
121 39
30 33
21 27
95 33
141 144
125 36
142 105
50 115
10 84
85 93
156 61
X
X
170 138
119 140
24 19
179 72
97 19
40 165
135 123
65 1
177 93
109 157
84 19
92 182
159 157
68 175
130 191
195 127
96 14
34 145
8 16
165 91
22 26
25 148
X
86 125
X
54 44
X
X
52 191
99 8
116 68
33 53
72 63
8 75
75 133
100 152
70 194
75 7
150 115
143 145
X
160 106
30 73
8 168
14 57
150 16
61 5
20 188
104 164
51 147
126 28
81 60
148 56
166 134
144 188
125 97
59 156
106 47
112 101
55 73
X
118 105
39 62
X
76 161
72 60
7 117
160 8
X
12 153
26 16
32 31
X
4 146
32 171
63 48
78 151
164 57
11 177
36 73
77 55
8 13
28 15
135 18
158 120
185 76
67 20
67 16
85 57
41 192
8 149
193 195
X
126 174
157 105
106 143
129 49
159 174
9 114
56 113
5 141
89 123
103 25
44 116
9 30
83 73
166 83
122 110
45 134
81 2
34 104
194 97
159 94
98 14
184 194
X
28 94
8 26
103 48
28 46
X
123 90
1 91
110 158
126 24
118 51
9 98
56 114
171 10
86 27
195 60
X
31 87
23 183
20 166
16 73
71 38
187 160
29 188
110 77
150 171
21 32
12 11
42 160
110 190
169 176
92 54
X
40 27
47 119
112 189
178 37
43 77
181 179
124 129
141 194
44 94
52 151
31 94
77 32
43 166
154 144
74 29
173 192
91 2
120 145
74 87
124 109
91 177
120 132
143 190
99 158
183 50
85 21
115 6
155 13
189 100
104 175
73 189
40 74
144 57
168 123
172 146
84 89
45 108
75 175
104 132
166 88
161 84
85 81
160 12
191 193
112 133
8 114
21 102
108 73
77 49
154 70
88 59
107 71
146 146
183 196
47 51
126 70
94 31
169 19
9 112
134 110
61 130
23 194
164 173
13 13
189 78
36 77
32 64
X
152 55
X
85 141
160 15
97 50
72 57
175 76
69 4
13 46
159 78
95 69
152 54
35 184
139 96
62 31
174 164
128 189
121 144
113 11
3 133
138 156
37 90
X
71 92
113 27
132 155
138 180
32 123
191 59
100 148
160 130
143 44
109 113
120 129
68 191
51 54
138 183
52 102
77 16
140 41
86 104
87 20
101 195
76 45
29 26
8 112
X
90 190
38 49
71 73
177 102
132 154
160 137
126 113
152 28
9 166
87 119
169 38
X
122 60
74 3
15 42
193 142
X
171 122
167 87
142 102
159 171
90 105
153 52
166 56
42 96
22 60
11 2
124 170
21 9
152 169
152 182
145 29
158 10
7 14
119 50
29 74
X
148 68
24 42
159 13
42 86
82 4
11 89
172 28
178 76
X
180 190
105 190
12 103
69 2
102 106
99 110
157 104
104 91
8 153
175 82
82 73
181 96
5 151
10 46
173 31
195 143
55 77
X
190 106
124 108
158 50
113 24
44 183
137 18
59 127
83 50
172 8
85 17
1 177
55 20
145 31
147 6
110 134
112 191
186 77
121 195
29 117
34 139
9 167
39 169
1 21
52 118
41 28
75 166
43 96
175 138
184 26
129 160
148 147
65 34
50 76
96 62
1 165
86 99
144 39
97 14
76 82
5 77
66 38
138 123
11 132
40 44
147 39
175 101
36 171
195 95
161 40
88 111
71 125
166 100
191 3
2 161
30 90
149 21
164 87
40 19
97 99
155 15
92 173
172 177
138 24
69 172
116 24
18 167
75 189
161 135
164 174
97 85
70 49
172 21
91 90
170 132
36 170
55 43
133 167
33 20
55 14
17 79
187 73
36 19
156 56
186 165
121 37
98 69
64 147
147 68
163 86
45 3
116 142
45 10
183 54
189 41
65 116
110 87
180 27
146 58
188 136
90 175
181 119
12 131
74 88
69 139
121 56
156 101
159 15
180 193
78 50
30 65
154 88
153 135
104 140
25 183
167 176
3 192
83 69
105 123
9 165
5 24
123 124
106 122
122 27
132 105
30 119
180 183
146 64
162 172
42 112
158 106
192 157
169 72
171 176
4 179
173 63
156 60
136 138
120 12
78 148
89 189
120 162
22 65
119 165
92 22
129 62
164 153
42 98
90 9
100 189
26 121
26 183
74 5
57 20
110 185
49 190
93 133
141 54
2 179
48 157
148 169
139 75
190 117
104 127
27 121
110 113
2 95
11 90
41 15
82 1
168 192
104 148
167 132
65 114
183 138
124 88
129 52
188 153
27 16
194 29
80 37
133 54
79 14
145 23
49 105
78 39
110 19
37 185
147 185
33 8
181 48
178 3
121 60
195 29
197 56
117 86
61 12
64 6
70 139
136 113
167 104
147 8
57 108
101 134
181 35
61 6
162 18
116 95
112 37
179 52
154 69
178 38
119 51
66 119
24 16
175 132
139 73
68 48
177 146
162 13
133 171
55 48
24 128
68 106
110 38
40 17
181 192
183 52
103 144
55 153
156 178
104 64
136 111
25 50
103 179
77 36
66 39
118 107
24 125
25 47
143 149
55 50
31 148
152 93
170 40
11 14
189 129
78 32
149 95
125 8
109 134
85 72
30 46
145 120
14 134
111 169
151 42
107 191
189 155
161 130
66 34
45 119
187 106
132 167
134 58
114 94
54 124
97 13
12 87
91 91
39 27
18 136
86 19
152 181
101 88
27 165
170 53
133 100
98 133
84 87
41 128
171 74
102 130
159 191
41 124
132 101
27 169
90 170
104 90
182 117
78 82
159 172
79 174
117 37
144 52
99 92
160 193
195 188
184 30
106 190
117 185
116 179
44 63
135 141
29 8
141 149
12 140
172 48
123 109
67 106
4 171
25 87
138 163
109 149
94 130
118 49
41 66
158 40
138 184
166 82
180 95
82 136
123 59
56 61
4 141
135 167
1 178
111 77
106 51
95 12
5 177
149 91
123 28
11 39
53 147
189 114
177 97
33 94
116 86
30 45
23 136
175 145
186 143
98 97
9 146
13 180
183 194
43 125
142 89
29 72
30 72
22 136
180 109
146 54
127 110
188 174
69 91
165 183
120 68
22 151
49 9
80 15
175 196
101 194
127 47
20 168
118 108
174 51
15 67
68 131
83 44
52 113
169 104
93 120
154 50
35 186
194 142
86 32
69 190
162 110
105 163
105 28
185 88
71 7
123 152
177 31
63 175
155 105
47 122
164 167
191 82
76 7
13 48
82 77
34 193
185 141
182 28
94 138
110 186
79 175
118 93
80 38
179 124
91 119
32 66
74 102
54 144
84 97
30 116
188 37
51 75
164 3
142 96
36 53
89 174
123 84
67 119
29 140
19 17
121 141
99 159
20 156
44 122
78 178
72 128
136 110
51 17
56 138
190 103
18 9
145 21
18 72
114 165
32 173
61 178
95 156
101 152
64 188
178 105
43 123
76 36
108 168
25 116
92 68
75 96
105 100
145 119
170 46
11 181
153 137
24 169
13 189
157 157
7 172
93 110
65 15
152 89
162 20
117 164
53 75
147 78
167 56
163 110
69 90
17 48
65 162
57 110
128 62
40 43
18 137
14 37
65 163
140 177
184 140
90 181
152 185
172 164
192 192
149 185
71 5
138 23
100 130
30 89
147 65
78 157
9 110
165 182
75 107
39 124
74 2
144 40
15 134
165 78
189 156
62 11
107 73
31 146
36 52
21 25
33 183
166 181
150 114
3 177
195 144
125 13
138 14
40 160
62 32
102 154
110 150
31 150
128 1
79 120
177 101
87 21
24 147
176 60
44 164
61 145
24 126
30 76
132 42
88 72
28 166
190 76
98 6
8 121
19 152
75 132
24 80
155 146
64 46
178 26
42 91
133 113
197 179
63 127
167 5
156 52
31 161
127 37
22 102
124 181
31 186
4 194
65 18
74 92
12 84
136 130
72 3
17 24
103 101
35 137
4 150
128 182
108 169
62 34
138 90
107 159
134 150
161 115
7 150
14 51
81 87
69 169
168 158
76 6
96 31
174 33
150 18
26 115
61 163
61 62
76 148
160 96
165 152
157 63
103 130
48 150
193 94
168 104
119 59
50 126
6 117
141 80
14 187
92 42
64 120
166 197
138 43
54 191
184 193
192 195
49 108
31 98
110 187
34 31
32 28
111 191
73 131
127 172
17 68
22 100
93 189
179 95
179 49
169 33
40 113
136 98
103 108
47 52
162 129
53 55
156 3
19 20
147 90
103 134
125 45
61 97
175 146
132 64
117 187
76 51
194 130
27 83
194 81
25 17
194 5
24 193
127 125
89 175
92 124
71 86
62 93
169 41
57 75
104 34
195 189
150 182
127 179
171 110
130 26
132 58
53 28
55 116
137 10
80 1
119 167
190 165
168 194
88 71
158 157
191 189
70 2
185 92
61 96
90 149
97 18
175 106
168 183
97 191
70 47
170 62
111 148
177 30
118 82
179 78
90 4
188 65
84 18
40 163
23 181
190 100
134 141
18 187
74 58
63 190
156 54
1 164
42 76
14 36
17 6
76 50
162 193
118 187
93 182
24 118
152 85
93 66
175 10
160 123
34 75
5 176
142 16
67 103
151 179
157 13
119 56
98 166
95 136
9 3
18 190
78 176
165 161
94 136
51 15
110 110
167 196
109 55
31 89
53 48
188 141
173 164
146 68
29 169
137 167
195 93
42 122
68 58
16 115
96 65
50 170
160 124
93 180
10 139
133 139
72 86
65 119
158 1
13 134
76 149
173 51
80 34
11 167
188 77
141 53
16 133
191 195
54 104
127 12
134 103
162 14
166 133
171 121
107 188
190 170
145 117
33 190
11 175
112 185
68 118
8 119
161 10
41 8
190 22
169 57
26 116
38 54
25 81
19 21
29 162
50 124
150 93
165 167
126 30
102 5
43 2
119 144
155 41
64 146
142 80
49 55
33 28
13 14
180 69
69 44
78 101
13 9
116 6
98 131
137 100
114 176
149 7
154 39
191 14
46 10
141 96
95 50
152 94
108 86
109 39
45 109
66 160
34 108
192 179
2 165
132 102
87 123
184 35
43 122
33 90
187 77
119 185
159 29
26 192
192 8
39 194
146 164
158 108
153 169
126 67
41 82
100 8
113 142
123 145
6 182
90 40
86 123
33 27
5 21
191 35
6 16
126 26
23 28
158 109
165 75
32 190
115 28
125 9
181 183
161 173
152 180
44 48
41 94
1 42
195 114
37 75
170 141
16 76
134 41
31 104
188 9
194 189
116 69
42 16
53 89
89 197
119 164
137 123
34 127
137 105
150 166
69 114
68 190
16 57
141 77
100 153
87 161
161 191
164 152
15 93
90 120
1 94
94 83
59 2
33 110
26 129
190 82
16 176
89 51
118 159
122 84
69 20
116 167
161 36
79 160
167 2
7 166
108 158
40 147
89 157
43 86
167 48
99 27
56 69
182 136
31 121
63 97
90 102
5 61
118 164
51 175
17 54
175 83
15 137
151 185
118 94
105 140
182 54
107 127
15 104
97 109
76 30
136 128
93 43
118 104
42 46
178 171
136 100
59 159
31 162
101 13
53 167
76 3
170 61
75 93
169 123
109 150
49 90
48 152
38 113
124 90
45 155
146 57
19 100
163 77
104 88
135 105
8 61
110 86
19 192
17 115
41 85
197 183
66 46
60 130
150 162
2 91
75 136
78 125
35 33
96 18
179 5
189 102
77 185
115 84
145 148
78 34
71 76
100 17
125 31
178 134
53 40
102 110
114 8
78 128
142 148
30 88
49 110
117 82
43 10
136 9
53 20
168 73
25 16
12 106
145 194
91 123
178 2
58 136
111 74
63 170
66 163
8 122
139 80
91 54
167 191
61 3
122 122
19 104
65 20
68 75
57 189
144 145
148 76
15 80
92 131
191 5
42 69
7 114
86 112
93 93
169 87
136 15
75 91
88 51
118 28
3 174
128 156
188 38
13 79
89 167
42 94
17 165
159 102
182 96
158 191
133 188
134 167
55 49
148 148
20 189
133 138
185 166
118 53
71 166
99 14
141 42
136 90
169 56
65 47
27 141
70 131
40 75
85 158
4 25
110 16
93 63
30 64
13 187
171 108
108 35
20 191
65 51
159 77
192 160
178 118
163 167
106 72
41 148
98 175
17 42
176 119
170 38
188 177
70 88
65 105
60 6
109 101
180 179
21 21
156 50
104 51
22 21
165 195
123 159
20 147
187 155
30 192
170 88
162 189
6 21
161 139
155 83
34 126
28 167
10 141
30 174
138 168
93 40
5 194
79 33
20 125
64 97
192 36
117 84
36 135
97 195
104 154
5 102
170 181
131 113
131 51
166 86
103 140
13 69
147 23
143 56
169 195
188 178
193 179
93 111
75 120
61 2
172 181
10 29
142 32
77 58
144 68
132 62
23 139
20 100
61 191
20 192
94 25
86 110
127 1
42 18
26 136
38 125
36 108
102 111
99 156
78 97
54 182
23 66
145 123
91 175
15 102
149 160
193 177
32 105
104 159
33 32
41 158
49 107
67 15
158 128
123 149
30 114
135 110
174 142
42 88
169 21
122 149
113 7
156 53
147 119
3 138
126 98
115 82
75 100
134 144
1 41
141 73
193 52
156 157
147 18
107 55
46 6
26 81
77 102
21 66
139 160
59 8
61 190
20 34
169 61
154 41
161 194
118 158
152 52
120 125
4 24
50 163
22 103
110 159
102 133
41 3
133 162
191 156
34 135
124 30
137 91
119 158
86 189
179 20
174 194
122 24
184 31
38 195
29 170
13 106
84 77
58 137
8 117
147 160
28 126
82 143
121 151
109 17
138 114
57 134
146 55
9 14
147 59
55 103
32 18
55 102
189 37
128 65
17 45
121 57
77 60
20 115
93 124
161 74
13 137
68 40
153 43
121 191
157 196
71 190
21 61
109 162
76 119
8 11
84 90
156 1
42 137
37 136
181 81
177 124
184 29
124 172
179 101
186 151
187 100
190 160
44 2
177 71
64 11
167 59
122 107
20 117
14 46
16 118
161 82
100 6
55 44
27 135
134 55
195 146
54 7
141 58
64 168
98 195
