73 158
164 172
35 76
128 13
81 84
136 33
272 153
183 1
81 92
262 3
117 67
78 47
170 75
117 176
152 5
136 182
94 108
286 130
298 144
51 176
159 150
59 180
57 114
27 149
250 86
179 55
102 182
157 102
193 81
209 124
33 137
38 15
242 15
268 146
172 9
193 23
298 157
202 67
197 45
165 120
143 196
237 144
258 196
31 104
118 132
40 196
179 91
151 65
244 62
298 26
138 89
134 15
230 112
116 93
109 3
69 138
292 152
194 25
54 43
81 124
205 87
86 158
133 118
254 115
17 107
296 122
199 81
147 146
25 186
158 182
222 134
81 160
298 129
238 88
84 136
230 158
137 128
190 194
107 9
37 21
205 126
101 114
282 17
255 194
274 155
11 166
19 62
116 55
214 160
207 65
245 156
176 77
159 114
151 69
292 19
184 108
294 33
73 79
55 120
120 118
182 91
31 190
110 11
140 182
241 184
3 52
166 178
280 40
147 43
170 162
33 108
202 160
158 156
154 95
278 113
260 81
290 68
58 162
296 178
183 152
143 158
237 17
40 17
159 23
212 101
187 156
182 160
260 124
72 11
29 100
109 45
73 130
131 116
160 106
278 102
69 89
200 188
296 3
108 31
152 27
276 178
180 136
282 79
11 74
268 178
122 9
91 63
221 67
53 84
268 69
57 158
233 13
274 64
151 158
236 144
286 66
201 7
X
66 45
41 139
258 53
258 180
163 158
110 118
160 162
67 103
93 198
199 184
53 59
37 97
160 172
256 137
97 104
186 17
163 17
212 154
43 87
76 71
X
216 3
189 180
202 5
258 129
97 136
238 87
182 146
178 83
298 120
117 89
192 59
48 5
51 53
254 92
1 127
191 180
45 124
43 145
104 35
170 178
56 3
106 112
13 69
7 149
262 31
145 134
223 186
75 27
230 186
114 122
154 120
98 37
190 77
197 53
236 156
244 180
73 156
237 45
69 105
3 97
97 73
71 126
44 15
92 71
164 77
272 180
83 83
177 91
112 124
163 69
58 154
284 154
232 29
178 190
242 141
264 50
258 116
1 105
76 41
168 176
15 140
229 39
125 37
179 114
209 73
130 91
220 110
9 143
76 43
230 107
167 3
200 100
254 120
272 57
48 190
17 104
40 178
256 125
186 196
73 9
93 47
232 110
256 156
116 31
62 184
276 136
133 126
86 31
47 47
107 198
219 174
X
104 190
15 37
211 37
116 39
49 35
55 127
110 31
99 188
189 61
125 162
256 70
138 166
27 82
199 126
248 41
178 108
208 178
142 87
239 33
5 43
5 66
177 11
34 1
84 33
138 39
27 102
59 17
216 152
142 21
3 180
137 166
101 3
112 89
228 146
188 184
164 110
36 180
186 108
92 182
145 61
77 112
23 36
101 55
258 117
150 168
241 178
157 35
121 45
130 51
37 184
206 108
33 74
236 43
31 37
130 37
290 11
195 134
47 7
49 160
19 78
180 59
21 198
177 53
130 188
35 25
218 7
188 176
151 176
95 75
98 45
182 31
162 194
90 39
59 127
261 37
35 77
244 184
147 120
242 133
151 136
215 27
99 73
100 13
215 81
11 64
1 62
152 55
17 168
122 140
66 184
184 198
173 150
45 62
41 61
265 174
187 39
124 61
238 117
45 84
280 27
183 108
223 128
138 69
248 60
120 53
274 119
133 43
153 156
104 71
278 32
169 108
217 122
260 116
260 96
36 1
82 170
272 65
111 87
69 198
158 75
173 27
166 154
25 57
41 125
45 35
63 13
145 136
199 154
84 148
70 176
134 93
242 178
5 25
127 31
37 100
156 97
78 142
33 157
73 111
59 39
236 160
180 3
134 49
3 18
112 67
113 93
243 156
93 124
98 7
260 113
278 79
272 64
237 3
189 17
17 123
242 162
13 52
248 129
286 33
219 178
274 30
282 53
188 136
176 162
127 91
80 49
199 45
178 43
270 88
94 178
204 136
161 37
125 1
244 23
96 196
113 158
19 64
137 33
218 128
224 120
160 1
256 184
235 33
136 11
147 5
227 19
171 61
X
119 15
181 29
268 92
295 198
242 137
227 17
254 71
286 49
150 176
221 164
217 33
9 61
282 91
42 27
2 3
11 139
242 138
5 153
248 125
56 43
298 71
190 17
252 198
286 121
226 180
239 194
193 97
98 89
135 188
272 46
182 134
230 150
184 1
126 53
119 170
189 85
130 106
121 11
178 21
127 192
250 77
298 62
134 106
188 81
67 102
31 5
117 192
172 174
91 184
234 113
288 96
165 104
177 194
145 150
X
15 176
107 23
280 145
88 146
258 152
102 67
233 37
265 196
98 184
123 164
155 35
186 134
264 41
264 123
87 77
87 19
246 101
253 31
134 57
151 122
33 15
85 150
214 95
141 186
190 128
47 61
216 116
85 178
178 136
258 109
251 13
114 196
224 102
296 42
274 49
198 61
145 41
88 79
85 91
65 103
29 37
260 19
101 63
71 51
1 44
210 184
147 15
298 143
262 107
110 102
252 65
211 120
209 174
1 67
250 121
127 81
96 108
135 138
239 1
292 146
91 100
294 172
111 192
55 29
19 151
244 76
108 43
256 44
79 192
226 86
271 19
35 56
242 84
264 68
284 16
296 194
179 102
235 63
233 29
144 11
55 85
7 105
284 85
35 157
35 138
199 73
247 150
174 174
242 41
270 44
242 9
115 130
33 68
9 43
226 182
17 13
217 150
83 19
258 99
256 176
164 75
175 118
114 81
140 47
167 49
73 154
246 133
197 166
168 75
112 91
80 140
229 27
264 49
224 17
246 95
110 162
274 47
41 158
15 125
184 166
146 142
274 73
221 150
47 164
X
284 52
122 69
246 109
126 7
160 63
169 1
159 19
110 25
200 41
290 22
56 174
274 105
138 7
21 125
210 73
139 19
111 61
35 84
256 62
294 81
202 101
150 27
226 78
143 65
221 73
174 162
242 130
143 89
228 72
231 186
1 177
206 164
60 190
110 9
198 142
67 174
217 25
298 6
185 162
45 126
26 21
86 19
43 126
178 106
153 91
294 189
158 55
29 85
188 93
266 33
69 114
256 101
142 91
97 1
246 122
192 166
134 31
232 186
151 77
112 21
167 51
209 7
288 47
247 29
144 31
208 184
281 198
71 172
93 100
138 116
233 1
272 83
282 152
41 47
96 168
98 180
74 166
261 25
19 170
46 3
135 25
178 160
35 162
187 55
288 160
81 9
113 188
137 43
278 198
223 47
217 9
196 136
77 138
15 136
84 188
148 5
182 69
202 182
82 45
103 41
218 19
144 106
152 116
132 170
129 126
264 77
93 146
133 85
37 192
15 26
5 83
265 1
288 132
58 49
3 101
56 19
106 108
288 107
155 17
195 95
13 83
160 41
134 23
164 104
286 128
61 186
265 21
50 25
223 132
150 116
276 38
271 180
233 184
216 128
135 65
274 190
29 99
X
81 106
61 61
101 33
16 3
41 11
82 53
204 146
11 146
165 116
282 186
125 124
181 178
21 142
215 162
276 157
163 176
248 186
11 178
68 23
35 115
248 140
17 171
82 77
296 53
243 166
172 55
218 99
252 116
154 164
134 172
13 62
250 194
228 121
210 25
138 162
166 182
142 194
61 176
166 93
220 138
246 11
196 180
266 77
89 104
206 144
146 148
278 85
204 134
X
128 132
98 130
153 102
130 104
13 157
205 112
250 146
160 130
278 125
181 91
159 188
284 58
284 33
212 96
9 88
220 119
262 176
134 3
201 180
165 154
55 172
64 61
39 157
176 91
211 69
93 17
198 158
137 198
292 184
193 146
213 37
121 162
91 150
162 162
266 79
271 188
278 162
15 96
225 31
84 83
131 39
145 97
159 53
243 43
206 138
61 89
122 93
96 120
62 138
242 49
53 176
246 37
71 178
193 168
226 144
242 27
69 152
129 79
180 122
49 9
216 113
224 80
156 65
206 75
101 99
205 85
13 136
47 31
106 104
236 112
41 77
75 37
254 180
296 26
272 120
71 106
243 41
220 95
35 135
82 59
77 23
150 99
118 176
78 5
223 192
136 128
163 1
129 192
176 194
119 108
175 144
228 51
98 99
286 146
60 23
63 69
282 154
81 57
X
238 107
248 138
13 177
14 3
101 148
65 35
153 142
136 93
X
115 154
151 104
284 165
274 39
44 23
122 102
109 194
92 37
132 27
7 179
82 150
120 146
147 168
237 160
38 164
231 65
73 119
239 15
25 171
226 160
220 9
130 41
203 198
19 77
33 94
166 192
87 154
11 131
227 186
98 95
63 3
153 41
94 164
180 180
23 41
101 178
243 178
100 116
57 64
94 142
25 162
154 59
152 134
65 53
209 184
230 35
147 39
137 67
9 54
280 116
296 114
95 138
23 87
220 114
225 184
264 145
17 86
106 178
32 186
193 75
192 39
239 25
39 120
276 94
201 93
92 196
226 95
150 95
282 66
182 108
X
96 45
136 150
91 180
153 1
234 84
53 61
151 198
157 45
53 182
110 81
11 153
288 78
181 142
157 100
184 25
68 164
278 108
210 154
287 196
64 15
82 15
19 31
123 99
33 162
285 188
107 136
202 75
121 196
46 39
13 55
154 83
168 178
177 41
84 164
269 194
215 13
184 140
11 152
122 114
84 29
198 126
121 190
148 178
189 100
165 168
67 107
213 75
234 76
268 80
207 196
73 136
294 60
242 33
79 98
140 19
217 49
X
211 9
290 84
292 43
131 9
205 190
1 7
117 81
38 17
288 67
188 112
83 65
110 67
116 144
294 10
115 124
186 55
90 110
70 186
246 124
203 104
42 23
184 196
201 29
148 146
21 151
241 27
154 158
84 75
136 162
234 108
32 188
288 35
23 186
212 23
96 142
116 138
39 111
123 27
243 168
257 19
96 69
121 27
269 27
97 23
13 129
118 118
124 160
298 197
1 68
248 192
186 164
187 13
29 92
186 118
150 73
170 29
46 25
64 140
272 174
220 49
272 86
168 108
59 110
282 157
15 120
142 186
144 85
177 154
203 150
11 127
48 160
214 172
166 57
131 61
202 116
70 45
278 51
27 148
146 59
67 129
153 87
282 35
98 33
112 93
3 156
284 161
234 31
51 109
236 104
127 67
3 64
260 97
63 97
138 152
149 93
41 116
7 14
35 23
298 73
21 32
177 104
43 112
189 49
13 81
22 182
278 46
151 190
107 194
51 120
219 188
250 83
288 134
5 164
75 1
248 180
185 29
260 77
18 182
132 130
286 129
130 140
88 126
168 47
271 192
205 83
87 184
272 39
13 80
159 89
278 118
298 124
149 160
60 142
182 75
87 170
161 23
152 89
174 124
71 192
210 21
46 17
228 59
98 194
190 150
77 73
1 17
197 118
292 192
158 77
172 142
238 120
240 198
262 157
216 77
131 150
128 77
240 57
141 37
208 164
194 184
149 23
156 87
71 25
264 11
27 109
266 62
175 134
133 196
261 168
82 69
16 186
236 68
270 160
178 37
13 121
250 79
282 141
220 144
109 51
294 7
140 49
183 186
63 121
232 144
X
254 143
39 76
292 183
209 29
186 95
292 187
96 73
175 164
223 164
82 67
65 127
54 35
201 71
294 47
120 35
231 29
76 142
270 165
212 57
73 120
103 194
94 35
1 132
236 37
121 33
53 135
108 71
63 138
166 160
51 47
177 57
198 77
173 15
189 182
104 15
294 119
63 71
99 53
131 124
121 100
123 134
61 112
134 190
280 158
169 19
142 73
143 148
65 150
190 104
164 5
123 85
292 122
248 43
253 154
147 71
69 1
255 29
156 168
292 40
5 97
195 198
223 196
37 164
172 49
250 67
212 49
226 103
173 79
132 184
124 81
148 63
92 168
220 182
189 23
112 75
208 63
11 170
296 173
155 164
175 156
13 104
88 154
230 111
94 110
55 59
62 164
250 53
198 116
141 146
249 23
47 85
261 174
188 21
27 111
236 126
274 15
233 156
238 66
296 166
71 188
177 17
250 31
211 160
247 176
17 135
50 190
X
146 91
96 67
286 81
193 112
37 145
268 124
160 51
31 166
258 135
43 55
228 102
43 95
212 85
268 37
211 43
224 174
32 27
97 33
101 81
201 114
65 140
219 61
111 166
252 51
141 124
234 9
235 160
187 47
51 29
249 180
106 192
130 122
183 188
139 114
286 140
158 71
79 95
288 179
284 72
188 65
232 116
278 172
183 3
147 81
79 7
219 31
171 9
90 31
202 126
105 152
186 57
165 17
88 160
93 188
183 55
43 61
44 33
75 78
17 90
177 120
76 188
177 152
208 57
113 132
216 115
223 134
100 180
33 164
120 59
43 50
116 172
284 186
3 152
X
247 3
212 99
100 65
71 176
101 51
167 188
112 39
164 164
176 57
213 188
189 186
77 82
35 60
172 118
88 5
268 184
37 176
73 92
194 53
209 59
94 9
111 198
104 114
251 45
129 154
61 110
216 41
177 79
254 168
61 55
81 75
9 72
21 58
56 1
75 92
65 19
247 51
274 103
111 114
288 117
231 43
128 152
13 27
189 27
53 86
258 149
83 23
201 128
200 57
171 108
160 124
277 194
37 76
100 21
272 165
249 156
64 184
60 33
193 19
232 105
51 114
133 130
144 63
100 91
88 73
52 3
234 93
298 149
109 39
121 198
45 61
166 81
244 90
197 51
11 87
214 150
227 61
79 176
28 178
181 87
95 69
81 98
79 69
47 75
165 140
43 88
270 106
25 131
232 146
21 57
27 72
75 118
286 124
49 73
222 150
1 135
137 150
296 104
X
168 81
184 51
128 134
55 89
204 103
170 51
143 120
176 15
207 81
253 9
97 118
286 122
201 104
290 78
120 174
230 127
269 184
196 154
25 94
21 84
202 81
212 114
61 180
168 132
294 106
257 37
166 85
83 86
280 123
280 64
296 4
120 164
212 132
260 11
197 61
292 137
75 105
210 45
129 35
X
103 59
264 143
284 15
107 166
112 186
67 41
197 102
240 65
298 27
40 162
133 1
147 33
51 148
165 188
11 70
184 190
242 136
238 104
294 175
56 5
27 53
267 7
240 81
66 57
202 190
55 148
199 61
240 85
142 29
3 56
131 23
152 9
187 116
46 174
168 160
292 33
178 17
215 17
266 72
63 115
148 79
109 112
65 85
19 102
108 33
82 146
3 100
276 134
63 84
193 1
19 150
148 122
185 43
200 9
279 5
252 39
9 59
29 51
206 91
65 124
11 168
239 19
276 99
181 81
144 79
227 51
1 155
152 114
199 178
115 178
130 57
118 73
122 196
57 75
290 7
29 138
298 5
240 180
167 182
44 5
28 13
47 103
160 79
17 144
72 39
174 73
214 63
165 124
43 107
254 138
294 57
296 50
226 136
235 184
49 98
3 58
146 116
47 91
70 154
9 38
270 108
157 37
177 27
54 15
35 155
205 51
129 89
267 196
165 164
106 188
232 131
7 22
44 192
176 184
210 29
288 109
228 53
117 152
262 43
192 160
X
232 124
53 97
27 40
239 5
122 83
193 85
240 123
208 41
6 5
88 71
57 196
158 104
115 190
203 57
232 160
229 5
167 83
115 35
83 128
53 150
67 33
51 11
88 7
282 67
39 13
13 117
86 152
X
13 188
130 154
63 91
17 101
218 132
45 105
3 76
59 162
260 1
188 174
90 182
118 77
149 110
256 103
169 198
3 81
238 53
54 23
67 3
39 84
76 73
137 29
246 47
29 88
230 154
69 115
298 102
268 25
181 164
280 95
127 180
268 94
3 93
241 7
77 186
232 128
177 31
168 182
225 162
197 180
51 164
252 41
26 174
292 60
286 68
95 33
276 173
64 37
244 67
47 27
128 146
83 124
109 85
14 192
87 108
296 152
89 140
81 115
127 29
208 104
160 17
1 151
45 128
210 109
59 31
29 17
84 142
91 61
130 190
5 72
252 11
207 124
260 160
155 37
100 57
214 140
233 136
264 151
290 25
52 198
152 162
101 120
116 160
7 91
98 122
254 64
3 170
245 158
37 109
100 108
41 66
76 192
98 29
66 138
214 51
67 73
204 43
73 59
5 86
35 27
84 35
294 54
53 137
238 33
95 97
298 112
136 29
232 19
139 132
215 11
80 172
81 55
30 15
184 3
284 67
124 75
146 184
238 146
44 39
106 106
67 118
25 121
205 168
136 184
127 110
90 53
264 196
185 73
25 5
217 73
256 147
33 77
83 136
107 138
118 51
76 13
147 13
248 184
11 185
69 192
41 64
89 110
264 1
175 190
177 102
182 180
82 29
195 69
188 99
203 91
108 164
63 132
47 143
242 108
82 194
256 89
135 132
42 170
182 142
102 120
210 156
73 116
198 21
188 154
166 168
5 129
171 138
209 23
223 176
244 116
280 77
284 172
223 158
82 65
143 81
76 194
245 23
215 49
215 124
30 21
103 174
106 75
104 41
212 136
210 148
164 31
179 9
236 69
88 33
220 25
43 78
83 144
129 156
98 23
114 19
282 168
278 182
222 81
43 113
43 94
59 15
103 15
63 144
89 53
290 140
1 21
127 57
61 95
160 154
263 25
173 116
31 126
220 100
108 85
65 184
117 172
76 63
221 23
58 35
199 168
117 49
146 41
74 43
157 166
172 152
180 118
76 49
79 104
189 156
274 78
X
138 13
43 114
83 105
122 130
14 15
69 96
47 149
276 52
180 182
122 17
254 17
172 112
163 15
51 135
245 13
130 164
23 53
95 79
67 119
7 30
282 149
180 87
121 21
175 100
108 140
75 107
157 126
161 132
206 39
68 41
5 46
274 132
17 26
25 148
252 71
113 71
122 57
134 43
167 45
106 124
118 53
266 88
217 57
265 27
166 1
69 39
75 98
81 79
199 23
205 166
7 109
44 41
280 172
57 65
222 122
244 87
163 198
284 77
157 15
122 27
71 13
19 51
200 55
39 154
36 21
41 37
151 108
248 110
93 170
15 39
121 132
99 144
146 17
262 41
191 106
100 110
27 172
97 93
73 104
124 83
94 122
203 93
186 53
126 41
166 71
172 158
17 28
276 29
134 61
9 96
143 144
13 26
203 27
173 61
116 146
53 27
244 119
21 119
203 128
222 138
274 19
94 132
13 77
53 196
74 184
19 136
189 138
298 148
161 112
80 162
290 58
60 27
39 115
284 158
117 73
246 91
174 47
251 21
209 196
50 164
113 108
59 87
204 49
97 120
63 41
158 110
52 43
292 81
222 53
264 150
118 198
135 112
50 192
120 176
27 32
198 25
260 184
298 30
125 144
1 89
172 124
198 19
11 150
17 79
185 99
243 53
199 156
175 120
33 194
270 23
7 81
232 91
156 186
125 53
222 109
129 67
229 166
53 60
15 183
125 21
37 50
38 9
189 25
46 31
75 150
224 75
15 172
171 1
162 13
257 5
254 153
85 194
255 7
189 102
198 89
159 97
90 128
21 173
79 51
41 135
15 25
288 14
109 154
294 16
122 180
204 85
35 121
43 151
180 99
136 194
142 150
244 68
78 37
27 36
81 111
207 162
215 23
224 124
159 192
87 194
76 156
183 59
63 55
48 25
286 167
129 116
173 142
176 49
294 128
106 83
217 11
187 5
266 141
231 3
217 1
235 194
138 33
41 84
268 3
264 53
111 85
67 31
136 122
290 72
72 194
267 180
28 15
69 148
282 170
196 102
33 149
268 190
178 128
178 142
87 124
65 65
233 7
62 162
274 198
81 51
165 182
98 138
252 144
29 122
214 126
22 11
76 196
162 5
298 191
35 5
200 61
19 63
119 148
93 39
82 1
160 122
272 145
109 93
185 95
215 41
266 81
113 194
92 132
193 126
22 186
209 21
233 154
166 67
1 186
215 65
154 9
215 150
7 118
120 45
9 152
282 102
150 89
166 112
226 73
80 190
72 172
250 152
128 43
272 143
149 124
25 103
278 56
288 57
215 194
152 170
248 131
39 143
194 23
92 29
223 194
185 91
215 146
238 78
15 194
88 81
146 95
66 192
284 65
63 127
74 27
288 102
27 145
166 89
180 138
71 180
127 9
7 67
69 86
248 137
117 144
207 134
154 41
35 1
232 99
85 188
248 142
148 120
13 138
282 147
198 49
119 27
230 3
215 158
173 106
111 164
172 120
286 51
57 66
165 112
288 166
31 172
204 194
203 63
140 79
136 53
298 180
137 39
83 114
168 89
196 130
145 87
270 114
81 94
270 109
268 198
63 176
226 77
96 27
97 19
33 53
244 105
258 160
141 45
94 13
119 120
33 188
47 142
173 7
123 21
152 112
258 90
7 12
35 129
280 149
268 1
232 114
225 57
231 67
43 54
235 43
156 152
270 123
253 19
288 83
69 94
208 190
63 170
162 140
151 49
238 76
140 29
31 109
173 43
51 21
247 37
89 150
82 51
125 190
78 19
268 32
152 51
280 125
298 96
207 188
137 160
152 142
221 186
13 133
171 43
167 118
117 140
65 116
218 142
58 9
193 77
242 66
234 105
147 174
59 168
88 116
36 5
86 182
267 194
231 174
161 144
149 15
296 63
154 168
119 136
192 192
148 37
3 47
89 55
266 120
92 146
19 119
17 154
284 128
231 11
144 51
9 28
119 158
142 67
213 194
65 142
155 73
294 125
135 194
195 188
77 115
266 180
99 23
41 60
39 118
117 93
163 160
183 162
35 130
21 172
13 170
100 49
127 85
234 43
268 103
224 79
294 28
26 9
71 86
76 190
82 25
134 130
82 128
121 182
71 89
72 35
101 138
11 122
242 69
230 182
132 33
284 27
99 87
9 41
7 45
210 71
155 1
164 53
93 148
151 130
292 48
131 168
125 63
31 164
197 132
165 176
258 29
187 79
159 9
232 75
102 166
39 198
138 160
156 79
41 35
264 92
159 47
280 135
70 184
219 162
25 151
164 87
86 168
273 176
178 5
260 198
101 116
150 29
149 138
3 73
298 19
242 144
150 152
174 166
286 78
129 99
194 49
69 111
122 138
106 122
90 154
136 79
97 25
115 176
161 166
61 59
150 49
124 184
80 27
25 163
298 80
187 41
61 105
148 180
41 19
224 164
19 27
122 91
89 31
80 176
61 81
57 13
254 48
274 87
35 186
292 31
282 39
135 178
123 35
294 136
125 192
272 146
9 55
203 110
73 182
200 144
232 172
68 67
53 83
266 97
240 71
278 34
282 171
61 114
206 120
243 182
113 170
160 168
251 184
9 27
83 77
33 129
298 138
126 164
80 33
216 122
286 75
170 67
225 39
121 25
143 35
267 27
33 49
160 81
176 85
38 188
212 156
197 140
160 39
282 47
149 188
63 174
284 84
161 128
206 85
77 31
298 140
292 42
23 27
221 126
1 142
228 144
287 1
69 93
82 55
174 77
62 13
144 87
29 186
85 92
155 140
136 61
255 21
49 149
208 118
215 39
116 99
108 106
100 122
34 9
286 183
104 130
39 100
254 136
83 152
106 71
149 37
224 154
89 45
29 9
123 180
55 152
180 196
203 75
139 77
207 77
113 53
185 89
132 104
164 55
35 174
230 96
177 49
30 174
228 35
280 188
284 148
180 39
284 48
129 158
88 156
71 118
168 5
266 145
1 94
220 101
202 184
210 97
X
99 110
26 7
157 59
187 23
161 87
51 156
7 63
240 66
19 135
246 196
115 89
262 170
121 71
222 168
276 17
15 24
90 190
274 80
109 156
243 196
223 73
51 113
154 180
168 3
196 29
178 27
3 154
263 31
67 188
218 65
X
14 7
88 196
168 49
191 99
242 170
59 146
31 55
141 59
57 61
51 74
195 7
19 87
80 57
94 194
156 180
162 95
209 172
98 1
77 1
152 192
197 162
55 74
93 73
87 118
222 78
254 137
246 103
108 132
186 41
107 104
210 79
123 91
233 150
90 29
9 7
171 190
55 83
137 1
134 108
288 43
294 24
54 31
209 1
27 106
21 52
106 23
238 55
205 176
178 13
242 114
278 141
68 180
113 41
7 82
113 150
219 11
247 35
157 55
232 78
190 97
227 57
18 19
107 188
260 90
220 128
292 136
210 5
82 122
183 120
271 23
259 31
171 71
86 172
165 126
252 145
258 140
141 87
33 78
223 9
179 63
225 178
147 160
128 172
230 117
39 44
7 127
183 83
63 172
21 114
85 37
85 55
97 182
290 61
226 55
X
68 57
141 158
274 167
153 132
88 194
68 33
119 61
151 41
245 1
41 106
69 122
35 94
175 158
1 14
165 146
57 140
184 7
230 142
11 126
3 189
104 29
113 182
284 163
250 132
94 81
21 69
284 60
45 107
260 23
91 67
67 90
196 65
177 33
21 144
159 180
288 169
107 144
63 75
138 146
37 134
276 115
89 7
149 79
33 57
296 45
173 194
47 147
148 142
216 86
55 132
83 166
256 94
232 47
5 185
151 106
19 166
264 126
137 102
240 158
177 192
290 87
132 41
188 140
216 190
131 160
107 95
1 196
120 188
69 74
196 35
191 128
290 23
127 89
77 118
199 150
5 115
93 120
242 23
286 94
51 86
242 91
262 132
X
X
230 114
157 140
181 130
248 182
278 82
288 81
268 161
160 75
63 35
172 184
55 115
54 45
153 182
113 110
79 1
73 144
133 152
280 44
144 67
222 198
53 120
216 158
158 100
102 33
23 149
233 142
147 7
187 89
17 77
154 25
23 81
45 194
149 35
218 176
209 17
222 103
237 31
298 133
276 91
74 11
175 110
242 111
51 178
64 186
256 139
194 71
79 115
174 71
165 81
63 78
41 39
186 9
202 186
5 187
103 71
160 134
255 168
9 122
166 21
279 3
150 83
182 65
71 67
177 9
67 178
173 190
87 3
158 134
96 89
102 124
11 160
248 136
63 148
286 26
190 35
133 55
292 68
23 77
47 33
86 140
228 156
288 11
225 69
278 59
269 178
30 11
7 96
286 116
274 151
113 186
150 15
51 139
246 150
37 15
278 40
228 29
222 164
89 94
120 152
256 86
248 23
7 167
155 79
72 150
25 119
232 148
170 57
128 192
19 196
5 31
X
186 85
51 81
150 25
176 21
115 51
282 77
13 16
61 43
180 69
13 140
296 96
286 138
29 31
91 136
264 74
45 117
149 134
95 176
212 13
218 94
29 47
146 33
267 25
37 123
259 21
204 148
233 15
205 29
171 41
78 1
213 140
282 65
214 111
268 5
147 77
234 106
242 126
242 86
149 31
134 198
78 180
270 35
213 43
278 76
264 51
110 154
253 198
286 13
27 178
82 132
211 79
37 53
68 3
231 9
169 102
192 102
56 53
80 51
154 39
103 21
218 82
108 63
45 27
23 113
165 158
282 18
276 164
219 45
114 91
82 152
85 49
84 130
159 190
134 122
205 152
58 168
X
164 7
54 9
200 83
163 154
107 45
124 186
214 5
154 13
278 49
137 114
259 23
135 182
7 174
246 90
179 21
93 126
256 168
65 111
68 47
252 99
84 116
37 147
178 170
145 69
105 110
232 13
79 19
211 176
211 128
15 161
240 91
7 122
260 134
107 152
123 53
286 55
154 91
93 108
264 36
266 98
129 118
284 116
142 136
173 178
165 41
288 85
74 132
198 108
274 61
274 9
85 5
214 168
246 84
272 147
15 57
29 3
226 114
187 196
28 3
214 93
45 50
296 59
61 75
217 3
35 112
276 176
296 129
180 140
252 72
134 128
201 89
139 73
148 77
157 144
110 55
130 71
211 87
21 124
35 127
138 172
X
250 15
225 7
262 148
39 11
63 194
88 23
256 65
16 194
170 55
23 120
42 1
195 63
224 87
292 140
81 23
99 108
136 126
96 112
127 77
288 128
215 71
213 116
248 111
37 128
250 80
106 136
21 129
264 59
82 63
198 160
271 186
211 152
75 116
290 188
191 9
144 148
118 19
195 178
139 11
266 67
204 164
282 107
119 146
286 132
121 17
292 126
69 33
68 39
216 94
292 156
141 116
298 169
29 129
112 5
86 9
261 192
115 93
290 164
106 57
296 74
11 44
192 170
142 104
215 188
296 6
103 162
41 29
248 45
173 126
121 168
254 50
135 21
110 136
266 60
207 63
143 102
143 95
260 174
75 73
9 22
288 138
188 164
99 83
129 100
39 107
152 176
153 100
84 55
238 64
255 13
220 53
225 61
257 7
280 122
203 11
148 71
11 111
200 39
125 152
191 174
75 84
106 144
3 108
141 9
13 46
241 160
64 29
102 29
165 110
157 190
X
260 100
152 126
28 182
110 43
173 196
83 75
85 11
191 198
226 23
23 134
186 194
59 117
130 162
X
115 41
15 31
17 102
158 67
92 75
63 146
91 3
191 31
34 172
242 82
92 59
181 126
151 45
5 53
274 125
98 15
17 132
279 196
207 150
262 104
25 108
210 105
67 43
104 51
94 158
73 162
59 88
203 168
99 17
236 174
201 108
213 164
254 19
215 61
93 85
151 116
274 26
228 128
103 45
235 41
29 133
177 166
39 142
1 50
17 164
128 156
244 168
235 142
33 101
220 103
51 144
135 5
48 158
147 45
250 134
156 148
52 39
79 5
121 95
133 33
126 37
50 158
245 166
174 23
53 172
205 186
157 71
236 94
298 161
51 66
115 73
253 11
64 33
103 3
81 97
248 166
279 17
57 9
286 119
56 186
296 85
294 159
266 54
53 132
91 194
27 55
23 158
119 176
37 78
204 124
232 80
237 138
214 109
208 186
X
280 176
240 121
185 136
39 7
247 7
37 103
246 59
186 1
23 3
238 102
41 188
47 96
167 164
244 130
X
92 142
65 3
44 198
108 79
187 95
11 75
25 49
74 61
206 180
260 157
55 82
87 9
151 150
210 61
130 35
258 75
39 75
276 184
7 72
232 180
13 111
30 9
248 124
177 71
5 158
148 87
15 110
87 61
55 116
218 152
255 178
187 87
154 47
31 113
147 83
52 172
129 172
75 111
70 39
212 17
149 73
241 170
57 84
136 132
66 49
250 55
71 152
50 37
177 97
121 116
27 77
3 94
51 115
159 71
144 93
118 61
240 101
13 151
87 116
73 67
150 9
102 148
242 198
61 37
23 167
37 48
282 160
3 150
111 180
X
64 176
121 114
39 37
57 92
268 148
164 158
42 39
252 112
136 85
60 41
166 190
154 152
182 194
124 126
93 53
81 33
1 181
172 106
220 37
270 66
100 41
93 97
157 148
57 133
35 118
140 97
185 172
292 14
197 124
165 190
215 37
258 119
21 59
146 120
259 19
298 82
156 67
48 37
219 13
296 144
113 3
296 41
190 67
9 159
28 186
177 21
266 102
57 129
271 17
131 83
186 75
123 15
129 53
13 180
145 188
191 156
259 15
83 93
101 95
123 1
124 93
51 94
214 41
65 68
77 120
208 188
286 64
51 7
192 176
130 110
157 83
49 77
76 25
92 9
175 136
254 134
257 27
171 95
194 150
262 94
269 196
215 77
270 27
278 7
230 55
239 162
290 114
286 3
103 100
95 45
83 108
109 79
90 33
76 31
140 128
125 31
195 9
60 160
126 55
236 114
21 118
121 19
278 178
81 49
168 102
81 3
147 23
37 157
246 166
20 11
198 178
192 51
5 137
212 178
298 16
116 97
110 106
216 88
137 37
9 71
220 19
31 1
234 166
150 126
284 75
123 184
217 184
178 23
9 29
9 85
235 166
208 154
298 127
35 143
99 39
11 106
67 164
226 88
55 184
135 142
80 29
135 77
164 35
243 152
162 198
288 90
181 97
35 170
213 160
17 45
179 39
49 112
157 73
234 82
96 116
61 93
247 23
125 77
217 128
261 196
7 86
237 154
266 114
124 57
157 23
81 150
51 63
29 126
39 174
75 184
65 1
55 168
259 176
28 172
63 1
90 184
X
9 87
245 33
85 124
281 194
41 17
75 186
170 73
250 93
103 61
109 75
172 140
221 51
3 6
90 156
187 160
187 104
107 190
113 100
86 160
226 192
204 69
226 43
15 17
203 174
191 116
132 61
69 168
266 159
223 188
45 70
89 17
43 125
39 33
260 129
19 144
97 156
119 178
107 43
284 184
65 101
220 59
288 198
50 180
19 140
39 19
73 71
182 188
170 9
92 156
156 39
51 1
130 120
228 11
220 158
189 108
132 63
202 172
131 15
129 148
245 186
146 168
156 120
70 130
53 103
116 166
286 171
90 75
294 131
248 56
43 19
100 27
280 120
31 87
17 110
172 162
41 112
89 49
158 7
211 71
282 190
35 57
290 98
43 108
48 1
184 59
99 75
23 178
106 180
89 92
X
234 37
265 31
86 59
54 190
235 11
26 188
223 13
107 81
90 118
123 43
190 47
1 182
238 180
70 160
62 55
3 5
276 41
108 110
7 106
258 70
97 53
21 105
160 87
207 184
79 130
292 63
93 19
110 184
282 51
224 99
121 5
67 45
39 141
126 178
208 110
221 174
5 69
161 31
209 3
105 192
41 72
244 55
272 5
255 37
249 49
51 130
184 99
248 81
140 81
234 90
67 122
3 140
121 166
276 171
82 172
258 33
262 130
66 142
133 15
146 15
201 13
42 25
83 11
264 42
77 119
74 75
272 98
85 110
288 152
252 61
158 126
290 3
101 47
107 168
37 86
191 136
29 52
64 168
294 58
210 114
213 57
165 1
268 19
268 82
15 131
254 33
47 65
93 190
81 89
152 73
278 47
13 176
88 25
258 69
184 156
51 110
246 67
231 196
238 90
266 156
140 124
298 49
89 188
246 172
88 128
19 182
118 99
21 110
7 66
138 31
76 136
122 45
82 81
119 168
3 54
184 184
261 184
169 25
160 13
164 138
19 123
260 73
171 192
290 94
236 61
47 84
272 169
278 98
59 29
95 152
128 21
35 166
247 43
101 144
252 151
280 137
63 82
266 37
258 46
20 198
117 15
89 107
244 83
65 182
236 119
217 63
57 21
296 70
3 106
227 162
183 150
104 27
260 106
103 152
288 106
167 176
153 170
106 176
232 152
218 198
56 17
183 95
112 95
182 21
242 97
261 176
198 27
120 65
50 178
202 154
260 150
1 45
X
258 96
118 95
290 41
294 161
290 173
37 49
107 63
99 99
209 154
144 77
35 90
276 5
33 55
100 178
96 29
161 39
280 103
65 176
25 29
7 104
240 104
1 150
59 64
35 51
280 148
53 82
201 142
57 19
198 174
252 140
144 33
296 159
114 174
268 50
19 46
173 130
91 188
72 17
25 198
158 47
284 11
106 53
284 31
256 178
94 180
83 194
212 194
281 182
102 112
286 76
154 156
139 1
67 13
232 74
203 148
134 126
139 67
145 93
123 9
236 100
240 47
92 73
256 68
100 112
95 126
103 148
146 110
118 104
222 107
39 79
174 63
176 152
53 99
13 19
25 90
27 38
201 156
173 69
292 25
189 166
166 95
165 106
7 34
100 158
246 170
256 98
9 11
200 178
173 154
14 1
45 25
180 91
278 106
29 119
258 124
266 95
162 156
238 35
181 176
186 130
152 104
59 99
146 55
268 105
26 180
155 122
270 15
73 188
121 29
160 126
222 29
196 73
276 198
82 180
139 174
244 112
219 184
109 192
77 19
266 48
73 81
226 158
190 192
176 83
252 186
7 172
99 93
225 130
39 53
221 21
169 122
11 18
88 120
230 61
229 188
37 51
246 135
128 5
181 136
222 61
67 190
69 98
105 19
214 112
179 194
100 87
46 5
292 62
176 110
71 134
47 110
202 57
252 60
71 57
33 127
240 130
51 45
118 25
286 126
147 150
35 182
246 114
205 146
143 140
256 104
1 18
69 77
3 91
189 83
135 162
222 1
260 60
218 49
64 156
226 51
268 11
29 155
188 130
176 156
62 172
125 188
78 194
23 168
262 54
277 188
122 128
239 188
263 182
126 180
128 49
256 72
55 103
33 84
65 83
163 104
55 112
38 162
286 192
268 144
101 31
274 120
260 27
184 128
215 5
169 39
162 118
108 120
158 198
257 17
141 71
109 138
95 13
139 170
183 65
250 178
211 75
221 25
156 108
244 158
128 174
180 184
222 176
262 63
62 186
163 162
294 56
42 186
207 19
223 1
179 134
232 126
126 85
280 168
147 93
13 75
298 32
60 31
39 50
258 77
85 156
7 162
217 170
205 174
110 15
25 109
228 89
139 106
102 108
209 89
191 55
224 11
246 71
125 35
226 121
11 101
148 190
134 146
209 31
236 25
190 57
127 45
221 15
138 148
230 180
164 9
81 130
254 98
177 13
5 149
19 162
71 39
219 172
274 121
200 13
256 146
138 130
80 128
220 1
227 196
272 132
11 85
15 155
70 158
172 61
74 9
9 179
191 184
284 123
254 105
292 77
81 132
35 82
31 13
225 17
246 100
148 198
39 139
172 104
51 87
25 126
240 59
51 118
262 115
59 45
85 118
130 99
9 18
120 27
70 170
35 98
292 73
250 75
81 43
187 35
1 3
177 7
207 75
243 5
268 96
246 25
218 102
190 106
X
37 150
282 144
55 138
193 190
203 43
270 188
198 67
280 35
11 76
161 27
1 34
246 53
118 17
19 184
137 106
44 194
151 194
252 31
242 139
142 43
278 48
278 126
298 145
239 164
76 69
93 95
61 109
200 53
73 128
53 139
19 124
233 186
145 3
163 100
199 164
113 126
122 37
214 92
93 132
108 65
194 192
195 192
27 37
250 119
134 150
123 108
75 130
X
39 27
283 190
87 63
98 17
121 136
127 93
133 45
258 31
288 165
25 188
234 67
71 11
216 104
28 21
160 198
19 179
274 164
220 21
250 19
202 77
77 88
3 63
288 34
187 15
156 140
114 152
238 70
135 29
111 13
59 156
163 142
98 27
123 196
43 172
168 164
290 161
108 15
274 17
45 184
247 156
44 1
100 144
175 182
266 36
125 99
196 41
127 154
130 160
15 175
280 67
157 39
80 21
45 54
11 13
206 168
221 142
75 126
27 139
5 60
150 91
271 178
238 61
141 152
159 15
242 166
290 130
101 168
23 194
17 76
237 168
187 19
156 176
290 106
283 198
134 39
127 124
252 74
190 124
254 55
269 190
81 152
95 158
51 58
17 115
226 104
259 168
214 110
13 179
238 124
113 172
202 178
23 76
218 47
233 31
61 188
15 84
187 43
178 132
120 150
296 1
290 104
29 23
246 143
200 79
71 117
91 122
188 126
223 75
87 188
229 194
202 104
194 132
268 64
181 152
9 68
259 11
182 196
208 168
196 39
219 15
248 35
177 188
21 26
18 15
252 49
161 180
216 73
268 84
238 68
47 87
21 167
195 138
132 172
183 178
140 190
148 116
255 196
43 144
188 104
48 7
290 108
248 128
61 119
194 99
163 33
49 119
292 61
107 73
63 88
X
19 116
237 51
54 150
282 73
9 49
264 105
230 156
57 76
62 144
59 55
182 156
39 134
231 170
100 37
88 49
284 130
63 31
204 11
7 131
104 5
294 14
71 160
78 160
69 146
87 186
195 182
224 156
136 120
108 114
174 59
141 180
197 116
107 170
298 48
161 85
11 104
29 29
132 134
235 162
263 3
17 146
16 198
43 188
11 162
67 15
211 81
138 112
260 61
229 192
215 33
61 94
242 72
47 15
215 83
9 182
201 118
78 126
289 5
288 131
49 114
180 192
245 47
21 143
284 50
103 172
197 7
224 100
298 51
52 180
280 93
58 11
118 49
205 192
17 15
99 146
196 162
132 114
31 56
120 81
143 164
276 163
189 29
54 51
7 70
71 77
8 198
168 166
178 112
180 27
200 17
111 15
66 27
47 52
280 73
294 107
246 174
290 95
154 110
154 176
224 47
139 7
219 130
31 143
38 37
147 194
267 5
205 110
240 174
128 89
228 31
138 138
172 144
76 158
120 136
259 7
114 190
221 170
196 138
241 142
184 162
284 180
174 100
136 134
80 170
25 100
41 70
178 148
41 44
143 136
68 140
214 162
288 87
71 100
262 101
139 186
171 29
1 91
219 47
128 188
71 45
202 49
232 188
240 67
283 1
264 118
35 11
101 186
208 31
95 122
11 182
218 29
179 176
274 192
229 154
73 138
202 156
21 192
39 164
236 190
198 75
228 103
60 140
232 76
47 97
117 132
264 178
159 21
90 120
85 98
55 186
231 166
284 173
63 9
258 138
25 192
96 182
157 158
244 85
230 81
244 75
210 100
250 3
81 53
214 113
211 190
X
17 153
228 101
208 29
218 136
29 192
257 180
274 76
93 138
225 49
76 57
1 96
278 150
169 168
90 43
94 47
278 65
41 153
39 86
105 15
181 85
136 41
243 13
85 112
106 7
294 11
233 192
254 108
230 178
270 163
1 125
288 72
63 17
176 19
182 132
19 56
161 188
90 186
54 184
187 27
17 192
70 61
202 142
209 67
11 155
80 35
57 47
216 29
115 108
131 69
89 132
64 51
296 92
119 5
278 68
264 106
196 192
7 157
124 23
282 181
108 116
196 55
235 7
77 160
276 160
280 110
252 54
219 138
205 1
166 75
210 158
120 19
21 35
192 23
229 132
35 141
11 184
204 178
40 164
124 114
246 96
150 170
215 75
148 112
30 31
161 140
153 168
27 124
222 11
37 60
133 114
53 31
298 183
149 152
204 172
104 136
X
85 114
72 31
9 97
189 93
222 21
290 83
94 136
113 89
179 168
X
81 156
274 96
208 136
218 88
258 142
189 178
99 158
253 39
209 178
212 134
270 142
31 92
142 27
265 11
270 143
233 57
208 120
216 150
230 33
208 94
69 15
27 43
132 97
272 79
228 74
138 178
19 9
213 120
222 126
187 59
206 31
67 100
148 65
58 182
116 198
106 51
251 192
254 29
83 96
150 53
64 59
260 67
179 69
116 130
164 168
184 79
103 118
260 86
133 91
238 73
5 131
43 49
170 158
232 95
159 164
209 81
147 55
90 57
284 179
220 23
272 141
170 79
225 37
162 168
94 11
21 94
35 47
284 170
286 150
78 136
124 150
290 86
232 104
298 113
153 69
244 107
52 176
294 25
97 81
254 106
263 186
61 5
22 180
171 152
189 53
10 194
141 182
227 7
292 105
3 15
113 114
13 68
45 129
235 158
72 180
258 108
229 130
170 168
5 82
79 156
156 19
59 186
296 161
21 28
163 47
41 174
113 37
292 79
190 79
90 194
150 120
29 115
140 65
60 152
298 178
71 113
27 41
66 196
190 49
225 3
165 91
94 29
233 170
47 126
149 87
130 198
80 148
11 130
253 35
276 151
217 69
51 68
199 182
163 37
246 131
33 147
172 87
240 114
153 15
202 51
172 154
196 122
176 97
56 35
53 170
242 119
72 130
225 21
260 128
234 77
152 106
108 39
210 182
201 196
55 162
184 132
