285 213
412 304
44 103
241 282
378 43
102 246
367 355
172 121
238 76
464 224
377 385
157 334
433 309
250 242
173 30
X
293 277
354 370
450 260
372 176
297 78
47 36
84 348
10 56
371 134
181 9
443 233
180 359
400 96
291 59
203 159
479 356
39 34
50 106
53 350
248 13
380 182
265 241
50 264
44 372
224 185
29 75
50 322
212 252
481 29
105 304
276 73
437 371
80 344
386 320
456 387
28 139
391 163
X
X
X
55 18
448 224
346 324
269 87
105 91
405 235
23 126
71 371
239 125
X
274 53
X
X
324 377
186 271
372 101
476 242
317 27
140 315
76 287
207 271
211 242
41 326
382 267
75 168
269 138
149 124
193 187
241 48
153 232
118 57
20 261
236 31
440 137
442 269
282 367
283 281
297 151
161 22
361 173
238 96
297 32
384 185
144 26
493 76
453 142
461 359
373 332
464 326
350 290
103 28
489 249
X
381 66
404 63
220 291
430 130
174 132
161 327
48 144
464 259
392 210
122 137
X
65 281
112 38
322 45
57 151
298 68
497 157
95 224
380 202
51 281
485 201
79 68
235 284
353 138
346 298
62 351
476 313
32 302
458 70
53 393
311 195
250 137
242 164
361 65
188 143
185 136
476 121
131 215
442 310
481 79
354 13
63 139
107 196
84 327
396 329
116 149
45 86
103 61
X
409 371
121 122
215 71
354 2
36 312
392 180
412 392
287 168
367 313
112 240
296 28
184 353
206 61
80 226
315 17
X
131 199
290 30
400 379
427 90
108 30
164 158
393 261
X
277 24
31 292
60 22
18 309
137 69
91 303
245 251
459 333
345 110
337 386
298 74
331 7
14 99
472 337
98 295
419 233
81 305
126 24
427 296
125 118
470 269
140 252
375 58
88 350
49 296
294 277
325 86
70 297
298 41
81 344
459 363
139 308
423 322
282 240
321 148
279 142
14 349
X
49 385
470 259
373 92
59 94
214 329
181 240
X
169 71
52 124
369 265
407 199
205 229
448 166
163 133
260 38
164 267
174 210
218 22
351 7
91 76
358 179
435 222
307 169
166 363
467 49
87 314
228 170
308 381
151 162
255 78
419 310
325 149
287 41
364 72
56 337
295 247
336 178
211 359
61 34
157 315
322 180
369 298
311 314
271 361
205 296
223 237
481 39
X
55 165
X
336 338
168 358
269 208
206 137
306 35
159 362
450 386
279 266
193 202
478 325
183 250
311 273
83 123
64 131
42 81
214 183
243 81
448 308
81 77
369 63
285 347
462 84
25 376
352 138
436 127
464 30
246 101
213 227
5 101
269 351
194 362
168 274
123 114
347 334
114 164
97 133
475 379
146 385
423 228
109 330
408 159
198 52
310 111
69 133
405 124
472 38
285 242
379 291
438 101
363 215
374 237
393 130
363 227
470 168
300 68
272 36
225 361
167 166
X
272 307
447 354
421 205
405 135
X
47 289
100 26
493 233
104 144
239 234
491 174
474 367
112 386
326 69
22 89
469 302
X
126 222
334 84
278 98
33 29
352 53
33 263
224 336
290 334
238 259
471 251
371 237
183 286
251 112
395 392
175 261
247 45
336 299
X
X
244 178
435 74
460 115
362 71
455 26
484 314
432 377
490 154
373 255
467 141
251 97
290 289
459 31
371 329
179 156
452 256
428 242
63 339
X
367 303
94 145
X
6 109
245 167
456 207
90 80
452 172
472 339
455 269
123 118
35 110
74 80
55 107
411 34
263 133
X
249 111
459 6
299 133
303 375
471 169
349 136
26 44
312 212
471 238
270 233
98 26
463 379
X
309 14
216 167
203 205
139 115
213 169
135 260
247 164
180 320
161 52
61 250
X
72 78
384 86
262 293
264 381
X
394 79
37 358
56 364
33 205
160 133
418 296
399 135
454 48
247 342
142 131
322 320
321 289
226 291
205 15
374 238
32 366
114 97
206 272
428 273
105 93
27 390
424 66
432 235
476 91
312 76
358 11
138 22
X
361 253
118 310
265 326
237 367
114 330
249 101
22 10
457 322
95 91
146 284
235 142
41 314
278 323
270 241
348 97
245 246
283 266
419 246
407 111
485 75
372 157
205 244
X
352 275
387 302
81 75
206 365
218 260
170 18
382 43
305 3
452 97
345 314
487 252
X
197 2
52 156
466 120
342 204
213 170
93 321
318 244
321 385
317 4
385 330
171 191
327 14
455 361
221 227
493 182
291 297
314 71
305 358
248 333
127 233
381 177
157 354
36 25
81 322
219 15
186 254
47 80
486 263
238 377
14 294
431 93
43 59
317 310
359 376
54 350
76 29
166 232
305 172
179 155
436 156
296 274
146 321
379 237
296 291
371 35
79 51
249 306
483 251
367 181
282 223
221 109
420 322
282 308
242 342
216 372
83 133
181 351
242 61
229 90
323 117
242 108
139 153
149 12
432 134
285 352
27 366
146 61
91 60
382 360
X
245 344
139 127
164 176
449 310
381 291
353 252
273 170
409 132
276 369
447 336
20 360
119 345
164 164
99 107
208 199
85 178
466 261
43 104
80 150
X
385 286
154 330
110 275
37 157
177 12
415 316
306 19
482 303
51 310
454 215
349 320
107 34
177 79
42 145
422 121
337 166
440 113
383 251
317 76
51 336
157 324
429 115
340 97
278 189
335 69
199 69
356 128
102 272
138 311
94 115
67 177
66 140
X
131 76
34 107
345 172
224 358
130 307
X
202 206
66 63
213 366
338 72
85 280
17 250
413 75
96 44
377 106
51 272
X
115 121
132 331
98 119
460 253
320 41
167 304
348 187
457 71
303 359
X
78 156
258 214
163 352
132 188
286 18
146 93
438 225
151 154
297 19
51 269
148 176
130 306
197 234
105 255
224 173
249 136
81 4
357 210
243 240
X
28 368
385 332
18 348
235 185
22 150
482 361
489 24
28 292
348 12
337 385
276 336
276 79
453 360
22 239
32 103
193 191
233 258
457 168
61 215
150 383
483 126
138 131
448 173
260 141
141 98
271 141
457 86
X
X
373 75
68 373
112 273
X
428 222
204 328
70 78
79 313
481 95
460 181
452 196
283 36
222 17
134 39
487 154
410 25
424 80
57 364
305 54
X
260 37
434 371
450 346
258 67
284 189
47 283
449 154
121 264
273 270
25 146
483 242
208 159
245 136
483 85
306 32
116 80
63 83
430 94
262 152
377 167
210 140
276 332
206 158
157 107
416 384
147 209
489 283
345 62
180 215
266 263
483 288
397 188
60 139
214 253
447 273
312 28
309 381
X
X
310 327
342 206
8 291
262 361
8 125
20 377
478 126
26 35
113 75
384 357
191 135
307 40
343 88
223 292
233 60
298 297
459 47
323 84
456 156
17 311
53 310
282 101
57 383
22 329
342 296
310 76
174 211
377 138
120 28
65 322
357 371
98 265
231 40
317 69
411 389
24 256
278 259
368 282
206 85
18 130
242 63
254 305
353 322
388 101
X
267 217
42 344
402 97
392 195
X
246 370
225 351
390 378
337 360
436 234
259 131
210 297
71 370
217 329
134 373
47 83
111 348
311 365
371 388
107 369
51 13
285 57
59 75
409 119
62 4
138 178
242 343
161 337
351 248
46 3
386 209
368 182
196 95
357 93
370 14
357 265
324 290
11 95
228 162
264 41
X
459 87
493 262
226 360
X
256 364
198 354
222 90
363 373
23 35
297 80
275 157
363 221
427 286
158 352
109 28
142 311
402 211
67 13
369 247
378 66
127 143
255 52
299 214
43 91
278 88
262 239
408 27
489 247
335 378
141 379
83 82
367 277
406 165
378 343
390 390
83 348
375 48
164 86
124 219
380 90
109 39
314 361
5 117
413 340
102 119
360 198
460 248
152 116
283 18
258 170
228 269
463 177
149 364
262 46
X
34 337
377 308
382 205
227 194
200 234
190 162
139 358
474 77
451 334
89 107
65 146
176 228
288 3
206 371
165 119
278 20
40 237
20 318
47 389
325 132
430 178
254 220
347 378
287 108
236 293
41 223
107 131
88 365
282 123
264 129
X
168 306
113 390
241 193
351 385
357 206
475 321
234 53
374 30
39 35
190 240
492 208
124 24
294 81
105 99
442 360
226 252
143 319
168 10
474 255
276 5
184 55
25 300
87 144
395 74
402 316
198 230
143 201
351 200
458 191
322 27
315 350
435 386
116 301
319 167
254 181
91 325
314 264
426 95
430 52
298 28
32 104
96 48
425 161
100 345
358 247
198 263
385 334
28 49
147 234
28 296
349 35
X
491 78
377 89
466 79
360 234
124 256
52 128
424 74
178 169
130 64
25 42
46 364
72 132
33 259
456 276
26 318
64 386
193 11
160 276
173 104
75 302
37 334
356 28
41 331
112 179
80 85
37 107
250 109
85 176
147 56
80 80
168 138
X
156 86
395 285
252 122
348 138
73 28
175 349
311 79
404 306
238 36
340 278
256 377
400 91
164 230
3 243
168 318
411 33
200 198
63 96
475 230
92 118
244 21
327 257
460 119
201 12
347 252
38 174
292 243
404 85
464 240
115 300
234 253
162 191
322 321
110 150
430 71
234 47
21 377
363 201
239 153
148 218
276 323
270 261
195 253
310 217
281 11
150 369
260 109
169 190
63 71
84 115
426 72
98 381
282 188
216 37
431 296
398 294
165 301
377 180
X
48 326
181 40
164 175
54 144
138 99
283 51
290 170
43 127
268 246
119 246
277 157
162 266
155 67
44 215
290 133
X
371 263
209 121
487 306
7 107
101 264
7 39
248 107
276 385
370 258
314 325
139 205
315 63
460 48
76 83
354 280
483 263
254 319
61 14
199 227
441 262
101 126
41 288
22 103
261 358
X
281 282
382 380
90 321
321 355
334 376
243 245
X
488 315
315 359
95 131
33 275
237 265
428 215
66 156
171 282
92 117
X
480 286
148 287
254 286
485 189
493 290
346 226
410 134
205 232
259 170
297 282
X
377 384
375 385
268 109
83 75
413 159
159 234
X
90 129
75 347
360 384
328 350
X
140 308
489 276
342 336
440 142
X
27 88
128 284
10 283
165 352
386 29
475 301
322 26
404 73
32 230
250 338
455 230
198 164
412 50
416 355
152 138
257 69
79 8
135 240
214 362
165 267
116 34
264 88
415 33
339 173
462 151
370 52
221 22
260 365
350 308
92 75
191 166
349 191
295 50
X
252 342
198 284
X
224 180
414 385
115 378
35 251
77 18
248 356
375 56
393 30
329 282
101 36
134 265
285 286
443 360
296 328
286 132
337 359
80 287
53 380
209 179
16 298
494 298
239 250
120 32
295 54
217 240
491 68
98 78
430 155
139 100
476 146
477 246
161 27
434 263
122 23
229 164
212 273
43 248
61 47
102 283
142 338
313 279
395 57
X
236 322
444 81
X
250 102
488 91
421 142
177 144
282 372
291 3
190 142
315 80
286 164
375 256
114 290
489 258
75 26
54 148
234 177
423 325
144 52
393 219
274 49
339 108
438 297
341 36
209 336
11 16
123 283
117 293
49 159
460 149
359 211
398 198
70 77
27 96
119 185
373 310
177 140
336 380
181 37
95 326
395 43
302 387
380 315
314 357
X
275 51
23 31
326 380
73 141
357 2
350 87
X
385 30
33 358
8 290
229 174
174 348
279 350
230 204
222 199
396 270
278 34
348 26
252 103
149 146
328 147
167 60
206 279
299 210
X
65 64
393 304
120 392
272 57
227 254
488 194
35 328
322 256
53 244
196 183
364 79
444 170
120 331
418 289
254 90
129 99
285 123
103 173
234 256
X
389 89
488 162
43 156
73 321
426 89
386 376
X
451 381
367 332
158 305
135 211
222 15
472 387
6 240
84 255
153 134
382 218
68 169
134 350
24 48
387 48
356 62
398 215
326 9
154 77
414 25
261 291
29 365
322 312
485 234
89 156
422 312
87 204
180 343
42 304
339 312
349 236
418 135
86 132
349 384
435 97
293 214
239 174
418 266
331 390
353 134
430 309
273 65
274 267
349 187
111 205
451 319
181 23
114 240
334 242
276 59
297 281
98 335
437 333
250 95
312 30
199 284
60 93
253 69
74 211
382 359
216 369
198 250
350 143
241 158
145 56
247 77
412 150
278 53
454 212
69 93
19 373
207 268
183 95
416 308
177 61
291 182
228 71
62 340
208 153
459 230
441 309
387 93
87 340
47 385
409 62
39 360
346 128
27 72
469 338
443 140
X
413 335
464 288
306 79
350 185
X
20 392
456 56
X
212 368
292 134
227 23
98 136
265 219
X
454 274
X
418 150
317 293
156 224
63 299
356 294
285 55
245 250
239 261
143 106
294 13
251 296
394 378
430 310
163 106
138 287
316 261
448 332
X
326 258
X
377 165
227 113
262 276
431 265
244 337
295 67
X
458 175
225 193
140 379
332 387
162 385
339 60
119 68
137 322
85 273
430 360
X
353 59
393 16
483 276
226 194
298 381
35 11
410 296
159 207
359 87
X
37 158
268 321
329 21
120 131
222 5
263 143
16 139
161 234
141 135
401 180
422 63
X
380 264
79 67
482 66
251 80
146 52
320 330
32 273
36 51
78 371
235 253
292 110
28 122
193 142
415 392
28 47
10 300
419 126
416 301
143 368
281 150
182 84
20 128
314 64
219 337
232 308
48 107
82 37
167 138
X
64 239
X
239 140
433 308
116 43
191 144
432 114
268 79
463 353
337 250
113 175
118 18
130 253
18 343
286 142
377 142
93 330
112 46
364 85
386 58
375 62
266 159
401 124
302 25
54 98
375 363
143 212
111 139
309 40
372 66
147 125
347 229
213 172
474 66
359 43
135 356
156 80
19 261
258 219
193 194
317 241
472 193
454 278
273 269
276 200
285 211
125 313
211 361
233 303
203 189
250 80
365 257
21 271
134 65
56 368
189 267
83 272
153 128
186 32
85 307
423 131
280 267
17 271
224 260
194 96
335 249
81 21
120 95
203 294
X
451 164
376 357
X
76 82
452 333
178 93
340 77
288 218
376 67
469 263
279 179
476 310
204 263
264 45
79 360
173 156
X
97 322
460 80
491 317
X
286 20
349 11
79 307
409 306
55 286
307 18
343 375
X
490 196
32 319
118 166
219 190
283 101
359 322
296 372
282 38
303 144
169 66
393 319
193 160
20 228
357 322
169 271
269 121
402 308
384 323
87 32
357 388
74 131
175 364
358 391
423 172
240 237
193 123
240 184
174 130
167 353
373 90
155 107
282 102
406 98
304 190
375 87
225 248
173 54
373 39
298 18
213 256
391 370
183 360
286 263
188 108
381 306
231 337
144 326
186 137
117 26
483 307
14 368
127 303
337 380
315 92
413 138
X
148 143
200 181
459 335
135 206
242 363
311 185
100 383
206 202
316 365
481 97
423 170
349 255
71 102
252 216
382 85
31 91
69 328
X
317 257
107 211
136 29
180 340
43 389
414 292
X
337 164
X
415 281
121 93
251 124
142 325
X
50 136
183 280
363 88
321 383
57 100
370 296
473 173
280 236
434 44
493 276
404 49
271 40
38 24
432 263
331 66
128 31
364 229
223 315
42 300
175 85
108 312
414 345
318 380
163 160
317 17
314 28
477 263
265 200
65 355
164 199
77 342
377 56
355 196
95 71
326 383
217 227
348 308
213 40
218 240
78 296
233 220
386 95
369 244
422 144
51 100
436 178
324 9
194 186
156 50
21 76
387 308
88 336
171 169
367 188
392 128
83 278
427 325
23 253
395 12
269 277
309 64
469 130
68 329
350 283
408 151
22 367
287 36
89 151
156 226
39 155
198 314
425 286
87 221
462 91
175 31
268 215
346 76
258 143
407 150
352 7
245 31
425 285
477 178
422 88
60 39
476 158
273 171
292 11
85 312
314 214
230 105
160 199
242 8
367 233
151 218
247 317
165 367
21 145
379 50
384 218
57 380
12 271
68 223
336 265
349 271
423 13
240 156
148 324
X
375 183
345 330
382 169
293 229
364 380
355 371
310 98
477 93
319 364
278 315
356 314
83 303
64 63
357 87
96 382
98 187
381 185
464 337
239 12
181 35
455 23
464 115
82 113
428 244
203 381
190 175
453 355
255 287
50 66
279 274
186 31
163 284
24 111
83 50
490 175
491 250
473 312
29 97
174 195
278 349
250 308
484 147
166 48
112 316
104 109
166 312
241 63
347 330
388 104
209 365
359 182
128 364
98 159
491 232
171 257
389 69
185 281
426 197
348 162
154 317
51 298
149 205
235 334
350 361
221 233
175 230
45 106
280 335
264 122
71 38
166 321
47 294
62 276
87 304
20 150
133 133
136 259
67 314
122 25
492 22
334 328
272 329
22 152
380 176
302 86
172 53
339 203
403 316
237 258
251 95
493 245
319 83
445 360
462 164
159 214
202 297
359 37
110 361
X
148 101
X
265 323
72 92
92 223
397 178
94 302
200 71
127 117
455 378
84 43
295 229
311 94
66 292
87 206
156 377
78 288
156 94
273 284
6 304
381 20
104 325
478 142
477 282
340 106
109 278
140 259
394 285
57 1
198 173
465 289
35 122
75 112
17 294
387 390
406 262
110 64
X
122 154
405 111
179 65
275 265
302 83
289 17
375 227
478 81
439 244
81 146
X
332 372
269 172
92 168
58 112
152 333
173 172
100 332
264 158
84 173
32 154
157 329
278 73
6 129
44 275
448 335
41 250
457 187
89 344
163 199
401 236
55 156
152 86
168 85
141 258
80 36
487 256
42 117
183 124
5 122
492 184
128 238
270 376
137 156
145 130
X
449 329
287 358
103 26
291 310
303 293
370 234
43 38
195 170
6 125
223 258
239 227
57 106
290 360
91 48
136 32
202 250
129 293
343 245
349 334
354 77
218 34
X
158 143
371 244
453 80
254 363
427 164
X
339 183
216 183
21 95
377 27
342 203
398 225
13 269
233 136
274 383
73 319
200 176
273 283
248 168
X
33 137
195 339
